,City,lat,lng,max temp,Humidity,Cloudiness,Wind Speed,Country,Date
0,bilibino,68.0546,166.4372,-7.289999999999964,76.0,100.0,0.99,RU,1619644985.0
1,lloydminster,53.2835,-110.0016,9.0,53.0,75.0,3.6,CA,1619644985.0
2,aracataca,10.5918,-74.1898,25.560000000000002,81.0,97.0,3.13,CO,1619644986.0
3,hithadhoo,-0.6,73.0833,28.400000000000034,71.0,18.0,2.86,MV,1619644752.0
4,grindavik,63.8424,-22.4338,6.0,87.0,0.0,4.12,IS,1619644867.0
6,kuruman,-27.4524,23.4325,17.220000000000027,62.0,20.0,3.31,ZA,1619644987.0
7,maumere,-8.6199,122.2111,24.650000000000034,76.0,83.0,1.73,ID,1619644987.0
8,sorong,-0.8833,131.25,25.700000000000045,86.0,37.0,2.24,ID,1619644987.0
9,lamar,33.6668,-95.5836,27.78000000000003,74.0,90.0,3.09,US,1619644988.0
10,ouadda,8.0777,22.4007,22.720000000000027,77.0,97.0,1.8,CF,1619644988.0
11,darhan,49.4867,105.9228,-0.19999999999998863,50.0,7.0,2.43,MN,1619644989.0
12,marsa matruh,31.3525,27.2453,19.0,82.0,0.0,3.09,EG,1619644989.0
13,copiapo,-27.3667,-70.3333,19.0,55.0,0.0,6.17,CL,1619644767.0
14,milkovo,54.7167,158.6167,0.5200000000000387,94.0,100.0,1.62,RU,1619644989.0
15,port-cartier,50.0334,-66.8654,10.0,46.0,75.0,5.14,CA,1619644990.0
16,ponta do sol,32.6667,-17.1,16.110000000000014,89.0,73.0,2.24,PT,1619644990.0
17,buraydah,26.326,43.975,25.0,50.0,40.0,2.06,SA,1619644990.0
18,izumo,35.3667,132.7667,15.0,100.0,75.0,1.03,JP,1619644991.0
20,loreto,22.2667,-101.9667,30.610000000000014,9.0,6.0,11.03,MX,1619644991.0
22,east london,-33.0153,27.9116,20.0,73.0,100.0,1.72,ZA,1619644992.0
23,codajas,-3.8367,-62.0569,22.629999999999995,99.0,100.0,1.37,BR,1619644992.0
24,ilulissat,69.2167,-51.1,1.0,80.0,98.0,3.6,GL,1619644993.0
25,nhulunbuy,-12.2333,136.7667,24.0,88.0,94.0,3.09,AU,1619644993.0
27,saint-pierre,-21.3393,55.4781,25.0,83.0,0.0,10.29,RE,1619644993.0
28,konstantinovka,49.6167,127.9833,3.3700000000000045,53.0,4.0,2.92,RU,1619644994.0
29,boksitogorsk,59.474,33.8485,-1.2099999999999795,84.0,67.0,1.17,RU,1619644994.0
30,araguaina,-7.1911,-48.2072,25.0,84.0,95.0,1.02,BR,1619644995.0
31,shimoda,34.6667,138.95,16.110000000000014,91.0,100.0,0.45,JP,1619644995.0
32,bereda,43.2686,-7.5406,7.78000000000003,94.0,54.0,1.33,ES,1619644996.0
33,pangnirtung,66.1451,-65.7125,-2.0,74.0,90.0,1.54,CA,1619644996.0
34,nakamura,32.9833,132.9333,16.160000000000025,96.0,100.0,0.87,JP,1619644997.0
35,sumbawanga,-7.9667,31.6167,14.650000000000034,94.0,10.0,1.13,TZ,1619644997.0
36,pitimbu,-7.4706,-34.8086,26.0,100.0,20.0,2.57,BR,1619644997.0
37,eldorado,-23.7869,-54.2836,18.460000000000036,40.0,50.0,2.64,BR,1619644998.0
39,gat,31.61,34.7642,19.439999999999998,70.0,0.0,2.99,IL,1619644998.0
40,khatanga,71.9667,102.5,-8.689999999999998,95.0,99.0,1.8,RU,1619644753.0
41,guapiles,10.2159,-83.7866,25.0,64.0,75.0,3.6,CR,1619644999.0
42,garowe,8.4054,48.4845,26.110000000000014,71.0,45.0,5.99,SO,1619644999.0
43,urumqi,43.801,87.6005,16.0,31.0,0.0,1.0,CN,1619644448.0
44,minot,48.2325,-101.2963,12.0,30.0,20.0,7.72,US,1619644316.0
45,vanimo,-2.6741,141.3028,24.870000000000005,86.0,100.0,1.9,PG,1619645000.0
46,mecca,21.4267,39.8261,29.629999999999995,44.0,13.0,2.29,SA,1619644712.0
47,thai binh,20.45,106.3333,21.0,94.0,75.0,2.06,VN,1619644916.0
48,oyama,36.3,139.8,18.890000000000043,94.0,75.0,3.09,JP,1619645000.0
49,coihaique,-45.5752,-72.0662,11.0,71.0,75.0,1.54,CL,1619644756.0
50,kaeo,-35.1,173.7833,12.220000000000027,89.0,5.0,0.89,NZ,1619645001.0
51,erie,42.7667,-78.6664,18.890000000000043,83.0,91.0,3.58,US,1619644756.0
52,anicuns,-16.4611,-49.9617,22.57000000000005,62.0,3.0,1.63,BR,1619645002.0
53,petauke,-14.2426,31.3253,19.78000000000003,76.0,67.0,2.2,ZM,1619645002.0
54,carutapera,-1.195,-46.02,25.78000000000003,83.0,95.0,2.38,BR,1619645003.0
55,mogadishu,2.0371,45.3438,28.54000000000002,74.0,6.0,5.77,SO,1619645003.0
56,the valley,18.217,-63.0578,25.560000000000002,73.0,40.0,5.14,AI,1619645003.0
57,lingao,19.9103,109.6859,23.140000000000043,87.0,95.0,5.08,CN,1619645004.0
58,kuito,-12.3833,16.9333,18.5,60.0,85.0,1.01,AO,1619645004.0
59,tautira,-17.7333,-149.15,30.0,66.0,20.0,1.03,PF,1619645005.0
60,sabang,5.8933,95.3214,28.05000000000001,71.0,74.0,0.02,ID,1619645005.0
62,beringovskiy,63.05,179.3167,-2.6899999999999977,79.0,6.0,2.95,RU,1619645005.0
63,kamina,-8.7386,24.9906,19.060000000000002,91.0,82.0,0.94,CD,1619645006.0
64,paamiut,61.994,-49.6678,2.4399999999999977,81.0,100.0,1.3,GL,1619644927.0
66,lima,-12.0432,-77.0282,20.560000000000002,77.0,20.0,3.09,PE,1619644730.0
67,goderich,43.7501,-81.7165,6.0,93.0,98.0,4.12,CA,1619645007.0
68,flinders,-34.5833,150.8552,11.670000000000016,90.0,8.0,0.45,AU,1619645007.0
69,lyngseidet,69.5763,20.2189,-1.0,86.0,90.0,7.2,NO,1619645007.0
70,faanui,-16.4833,-151.75,27.78000000000003,71.0,85.0,5.57,PF,1619645008.0
71,cabo san lucas,22.8909,-109.9124,25.560000000000002,56.0,20.0,5.14,MX,1619645008.0
72,wuhan,30.5833,114.2667,15.0,88.0,0.0,2.0,CN,1619645009.0
73,kapaa,22.0752,-159.319,25.560000000000002,78.0,90.0,4.63,US,1619645009.0
74,sasvad,18.3333,74.0333,26.52000000000004,43.0,10.0,3.07,IN,1619645009.0
75,arman,59.7,150.1667,-1.919999999999959,81.0,75.0,2.1,RU,1619645010.0
76,inongo,-1.95,18.2667,22.420000000000016,97.0,100.0,2.88,CD,1619645010.0
77,marawi,7.9986,124.2928,23.890000000000043,88.0,96.0,2.68,PH,1619645011.0
78,sosenskiy,54.059,35.9623,7.0,61.0,71.0,4.0,RU,1619645011.0
79,thinadhoo,0.5333,72.9333,28.350000000000023,68.0,100.0,3.01,MV,1619645011.0
80,aykhal,66.0,111.5,-9.5,97.0,73.0,3.34,RU,1619645012.0
81,mapastepec,15.4333,-92.9,31.180000000000007,59.0,96.0,3.25,MX,1619645012.0
82,uklana mandi,29.5023,75.8849,31.03000000000003,14.0,28.0,2.87,IN,1619645013.0
83,cam ranh,11.9214,109.1591,26.0,83.0,20.0,2.57,VN,1619645013.0
84,rozkishne,48.5074,39.3004,6.970000000000027,64.0,51.0,1.11,UA,1619645013.0
85,san quintin,30.4833,-115.95,18.430000000000007,60.0,0.0,6.25,MX,1619645014.0
86,neiafu,-18.65,-173.9833,28.0,83.0,75.0,4.12,TO,1619644848.0
87,biak,-0.9131,122.8766,24.410000000000025,81.0,58.0,1.31,ID,1619645014.0
89,baracoa,20.3467,-74.4958,27.160000000000025,69.0,24.0,5.03,CU,1619645015.0
91,miles city,46.4083,-105.8406,18.0,22.0,40.0,7.72,US,1619645015.0
93,portland,45.5234,-122.6762,22.78000000000003,37.0,75.0,2.06,US,1619644877.0
94,kisangani,0.5167,25.2,22.27000000000004,99.0,100.0,1.26,CD,1619645001.0
95,marfino,55.7028,37.3822,5.0,70.0,0.0,6.0,RU,1619645016.0
96,port-gentil,-0.7193,8.7815,26.0,94.0,20.0,1.54,GA,1619645016.0
97,talladega,33.4359,-86.1058,29.0,45.0,1.0,3.09,US,1619645017.0
98,prainha,-1.8,-53.48,26.970000000000027,78.0,99.0,1.21,BR,1619645017.0
99,salalah,17.0151,54.0924,29.0,79.0,40.0,2.57,OM,1619644850.0
100,sao filipe,14.8961,-24.4956,22.74000000000001,76.0,20.0,6.07,CV,1619644739.0
101,shimanovsk,52.0,127.7,4.75,83.0,100.0,1.41,RU,1619645018.0
103,svobodnyy,51.4,128.1333,4.330000000000041,52.0,100.0,2.87,RU,1619645018.0
104,ipiales,0.8302,-77.6496,13.0,88.0,90.0,1.03,CO,1619645019.0
105,dillon,34.4166,-79.3712,30.0,34.0,1.0,5.66,US,1619645019.0
106,tigil,57.8,158.6667,0.08000000000004093,89.0,100.0,1.31,RU,1619645019.0
107,palmer,42.1584,-72.3287,24.0,33.0,90.0,1.77,US,1619644831.0
108,vardo,70.3705,31.1107,-5.0,80.0,20.0,4.12,NO,1619645020.0
109,rikitea,-23.1203,-134.9692,24.560000000000002,66.0,38.0,4.29,PF,1619644989.0
111,kruisfontein,-34.0033,24.7314,17.220000000000027,85.0,91.0,1.34,ZA,1619644801.0
112,terney,45.0503,136.6092,5.32000000000005,80.0,37.0,2.49,RU,1619645020.0
113,pacifica,37.6138,-122.4869,24.0,31.0,20.0,1.54,US,1619644750.0
114,talaya,61.3833,152.75,-7.819999999999993,76.0,84.0,0.07,RU,1619645021.0
115,along,28.1667,94.7667,19.689999999999998,64.0,93.0,0.91,IN,1619645021.0
116,altamira,-3.2033,-52.2064,31.0,66.0,40.0,1.03,BR,1619645022.0
117,pevek,69.7008,170.3133,-7.669999999999959,85.0,100.0,4.45,RU,1619645022.0
118,pasni,25.2631,63.471,26.930000000000007,82.0,4.0,1.77,PK,1619645023.0
119,kaniama,-7.5667,24.1833,20.620000000000005,93.0,87.0,1.86,CD,1619645023.0
120,puerto rondon,6.2805,-71.1,29.140000000000043,64.0,90.0,2.76,CO,1619645024.0
121,ambilobe,-13.2,49.05,22.970000000000027,95.0,8.0,1.2,MG,1619644831.0
122,nantucket,41.2835,-70.0995,12.0,82.0,90.0,2.57,US,1619645024.0
124,paraiso,9.8383,-83.8656,25.0,64.0,75.0,3.6,CR,1619645025.0
125,tooele,40.5308,-112.2983,16.670000000000016,36.0,1.0,3.6,US,1619645025.0
126,nikolskoye,59.7035,30.7861,3.330000000000041,75.0,0.0,2.0,RU,1619645026.0
127,salta,-24.7859,-65.4117,19.0,55.0,40.0,3.09,AR,1619645026.0
128,garh maharaja,30.8339,71.9053,30.960000000000036,22.0,77.0,5.2,PK,1619645026.0
129,bondoukou,8.0333,-2.8,23.77000000000004,90.0,71.0,2.36,CI,1619645027.0
130,malangali,-8.5667,34.85,17.58000000000004,89.0,48.0,5.07,TZ,1619645027.0
131,basqal,40.7552,48.391,13.0,82.0,75.0,0.95,AZ,1619645028.0
133,nemuro,43.3236,145.575,5.2900000000000205,89.0,100.0,3.88,JP,1619645028.0
134,richards bay,-28.783,32.0377,20.090000000000032,91.0,13.0,1.92,ZA,1619645028.0
135,loyga,61.0784,44.6075,-0.3299999999999841,90.0,100.0,2.47,RU,1619645029.0
136,moirang,24.5,93.7667,18.900000000000034,56.0,35.0,0.36,IN,1619645029.0
137,mehran,33.1222,46.1646,13.0,47.0,0.0,1.03,IR,1619645029.0
138,kavieng,-2.5744,150.7967,28.010000000000048,74.0,91.0,2.19,PG,1619645030.0
139,raudeberg,61.9875,5.1352,5.0,78.0,6.0,9.05,NO,1619645030.0
140,kamaishi,39.2667,141.8833,13.470000000000027,80.0,100.0,1.99,JP,1619645030.0
141,jinchang,38.4953,102.1739,13.010000000000048,24.0,80.0,6.67,CN,1619645031.0
142,narasannapeta,18.4167,84.05,26.55000000000001,86.0,83.0,2.78,IN,1619645031.0
143,jablah,35.3614,35.9256,15.0,88.0,0.0,2.06,SY,1619645032.0
144,paracatu,-17.2222,-46.8747,24.29000000000002,53.0,72.0,0.65,BR,1619645032.0
145,san borja,-14.8167,-66.85,22.400000000000034,73.0,100.0,1.23,BO,1619645033.0
146,yamada,39.4667,141.95,13.240000000000009,83.0,100.0,1.86,JP,1619645033.0
147,teloloapan,18.35,-99.85,36.670000000000016,21.0,63.0,4.51,MX,1619645033.0
148,ugoofaaru,5.6667,73.0,28.75,74.0,9.0,3.63,MV,1619644852.0
149,colares,38.7992,-9.4469,14.439999999999998,71.0,20.0,5.14,PT,1619645034.0
150,malakal,9.5334,31.6605,29.03000000000003,53.0,65.0,1.9,SS,1619645034.0
151,riyadh,24.6877,46.7219,27.0,38.0,75.0,3.09,SA,1619645035.0
152,husavik,66.0449,-17.3389,3.0,56.0,20.0,4.12,IS,1619645035.0
153,otane,-39.8833,176.6333,11.110000000000014,72.0,0.0,1.34,NZ,1619645035.0
154,upernavik,72.7868,-56.1549,-0.75,85.0,64.0,2.97,GL,1619645036.0
156,birao,10.2849,22.7882,27.180000000000007,47.0,68.0,2.42,CF,1619645036.0
157,orje,59.4802,11.6602,4.439999999999998,61.0,100.0,0.64,NO,1619645037.0
158,ayorou,14.7308,0.9174,35.43000000000001,13.0,38.0,4.75,NE,1619645037.0
159,umm lajj,25.0213,37.2685,26.99000000000001,43.0,0.0,2.44,SA,1619645037.0
160,lorengau,-2.0226,147.2712,27.180000000000007,79.0,25.0,2.06,PG,1619645038.0
161,sagar,23.8333,78.7167,30.25,10.0,0.0,2.5,IN,1619645038.0
162,arkansas city,37.062,-97.0384,23.0,88.0,90.0,2.57,US,1619645039.0
163,tres arroyos,-38.3739,-60.2798,19.950000000000045,58.0,48.0,2.44,AR,1619645039.0
164,cape town,-33.9258,18.4232,14.439999999999998,87.0,20.0,2.57,ZA,1619644543.0
165,port hardy,50.6996,-127.4199,10.0,93.0,90.0,4.12,CA,1619645039.0
166,desaguadero,-16.5656,-69.0417,11.600000000000023,42.0,79.0,6.66,PE,1619645040.0
167,mlimba,-8.8,35.8167,21.420000000000016,97.0,65.0,0.31,TZ,1619645040.0
168,haines junction,60.7522,-137.5108,5.0,30.0,56.0,2.57,CA,1619645040.0
169,labuan,5.2767,115.2417,25.0,94.0,75.0,1.03,MY,1619645041.0
170,dickinson,29.4608,-95.0513,28.33000000000004,74.0,90.0,9.26,US,1619644973.0
171,atambua,-9.1061,124.8925,20.57000000000005,80.0,20.0,1.17,ID,1619645041.0
172,guerrero negro,27.9769,-114.0611,19.939999999999998,51.0,0.0,7.75,MX,1619645042.0
173,aksu,41.1231,80.2644,18.439999999999998,16.0,0.0,1.07,CN,1619645042.0
174,san cristobal,7.7669,-72.225,27.0,74.0,75.0,1.03,VE,1619644903.0
175,korhogo,9.45,-5.6333,25.04000000000002,73.0,98.0,2.77,CI,1619645043.0
176,kirakira,-10.4544,161.9205,26.379999999999995,70.0,50.0,1.18,SB,1619645043.0
177,tougan,13.0667,-3.0667,34.06,30.0,99.0,1.93,BF,1619645043.0
178,adrar,20.5022,-10.0711,31.57000000000005,18.0,9.0,2.09,MR,1619645044.0
179,katerero,-1.4,31.7333,21.0,88.0,20.0,1.67,TZ,1619645044.0
180,smidovich,48.6,133.8167,5.03000000000003,71.0,43.0,4.38,RU,1619645045.0
181,ha tinh,18.3333,105.9,23.560000000000002,95.0,92.0,2.72,VN,1619645045.0
182,mujiayingzi,42.1167,118.7833,5.800000000000011,37.0,52.0,3.34,CN,1619645045.0
183,santa rosalia,27.3167,-112.2833,20.79000000000002,38.0,0.0,6.38,MX,1619645046.0
184,kumluca,36.3703,30.2869,21.260000000000048,57.0,79.0,1.28,TR,1619645046.0
185,sivas,39.7916,37.0019,14.0,38.0,0.0,5.14,TR,1619645046.0
186,diu,20.7141,70.9822,27.410000000000025,61.0,31.0,4.58,IN,1619645047.0
187,stephenville,32.2207,-98.2023,27.0,61.0,90.0,4.63,US,1619645047.0
188,krasne,49.9145,24.6134,6.0,75.0,0.0,5.0,UA,1619645047.0
189,olinda,-8.0089,-34.8553,27.0,69.0,40.0,3.09,BR,1619645048.0
190,svetlyy,54.675,20.1347,7.78000000000003,70.0,0.0,3.0,RU,1619645048.0
191,roma,43.2128,-75.4557,16.0,88.0,90.0,1.96,US,1619645049.0
192,zhenhai,24.2582,118.0905,20.0,100.0,90.0,2.0,CN,1619645049.0
193,ivanava,52.1451,25.5365,3.980000000000018,69.0,5.0,3.75,BY,1619645049.0
194,alofi,-19.0595,-169.9187,25.0,22.0,90.0,2.57,NU,1619645050.0
195,obera,-27.4871,-55.1199,15.340000000000032,56.0,0.0,1.52,AR,1619645050.0
196,pathein,16.7833,94.7333,25.760000000000048,82.0,53.0,1.93,MM,1619645051.0
197,menongue,-14.6585,17.691,19.230000000000018,50.0,69.0,1.62,AO,1619645051.0
198,vytegra,61.0064,36.4481,-2.9799999999999613,72.0,20.0,1.43,RU,1619645051.0
199,pangai,-19.8,-174.35,27.0,83.0,75.0,1.03,TO,1619645052.0
200,yaransk,57.3033,47.8861,1.4500000000000455,91.0,13.0,4.13,RU,1619645052.0
201,sechura,-5.5569,-80.8222,26.24000000000001,56.0,64.0,6.39,PE,1619645052.0
202,vila velha,-20.3297,-40.2925,24.0,83.0,0.0,3.6,BR,1619644834.0
203,iwaki,37.05,140.8833,13.890000000000043,96.0,100.0,1.16,JP,1619644941.0
204,verkhnevilyuysk,63.4453,120.3167,-10.019999999999982,95.0,58.0,0.71,RU,1619645053.0
205,grand gaube,-20.0064,57.6608,24.439999999999998,92.0,100.0,1.34,MU,1619645053.0
206,muli,2.9167,73.5667,28.430000000000007,70.0,100.0,3.52,MV,1619645054.0
208,necochea,-38.5473,-58.7368,16.670000000000016,87.0,81.0,1.34,AR,1619645011.0
209,yei,4.095,30.6779,20.05000000000001,87.0,48.0,1.7,SS,1619645055.0
210,bathsheba,13.2167,-59.5167,26.0,69.0,75.0,7.72,BB,1619645055.0
211,hun,29.1268,15.9477,32.210000000000036,9.0,27.0,4.27,LY,1619645055.0
212,ozerne,50.1782,28.7338,3.6899999999999977,70.0,5.0,3.51,UA,1619645056.0
213,tasiilaq,65.6145,-37.6368,0.0,93.0,90.0,1.03,GL,1619645056.0
214,kachiry,53.0675,76.1036,9.970000000000027,83.0,23.0,4.42,KZ,1619645056.0
215,bud,39.447,-86.1758,20.560000000000002,95.0,100.0,3.3,US,1619645057.0
216,aska,19.6061,84.6725,25.910000000000025,86.0,70.0,0.6,IN,1619645057.0
217,tuy hoa,13.0833,109.3,23.53000000000003,91.0,94.0,0.93,VN,1619645058.0
218,chuy,-33.6971,-53.4616,15.330000000000041,78.0,5.0,1.88,UY,1619645058.0
219,puerto madero,14.7208,-92.4215,30.0,70.0,90.0,2.06,MX,1619645059.0
220,hoboken,40.744,-74.0324,26.670000000000016,46.0,1.0,3.09,US,1619645059.0
221,itoman,26.1247,127.6694,23.0,83.0,75.0,8.75,JP,1619644773.0
222,batagay,67.6333,134.6333,-9.439999999999998,95.0,81.0,0.87,RU,1619644856.0
223,slavuta,50.3016,26.8651,3.7700000000000387,75.0,13.0,3.39,UA,1619645060.0
224,san patricio,28.017,-97.5169,33.0,62.0,1.0,8.75,US,1619645061.0
225,takoradi,4.8845,-1.7554,27.25,84.0,88.0,3.26,GH,1619645061.0
226,boguchany,58.3814,97.4531,0.6800000000000068,86.0,100.0,4.56,RU,1619645061.0
227,ixtapa,20.7,-105.2,27.0,69.0,75.0,6.17,MX,1619645062.0
228,pangkalanbuun,-2.6833,111.6167,23.410000000000025,96.0,100.0,0.93,ID,1619645062.0
229,burlington,39.8835,-74.6413,30.0,32.0,20.0,6.69,US,1619644852.0
230,nanortalik,60.1432,-45.2371,2.0100000000000477,91.0,90.0,1.31,GL,1619645026.0
231,mae hong son,19.3003,97.9685,22.640000000000043,91.0,19.0,0.59,TH,1619644863.0
232,chapais,49.7834,-74.8492,15.0,31.0,1.0,3.09,CA,1619644793.0
234,kaseda,31.4167,130.3167,17.0,88.0,75.0,1.54,JP,1619645063.0
235,nha trang,12.25,109.1833,26.0,83.0,20.0,2.57,VN,1619645064.0
236,ulladulla,-35.35,150.4667,12.220000000000027,100.0,0.0,2.06,AU,1619645064.0
237,great yarmouth,52.6083,1.7305,7.220000000000027,81.0,100.0,4.63,GB,1619645065.0
238,coquimbo,-29.9533,-71.3436,16.0,77.0,0.0,5.14,CL,1619645065.0
239,bucak,37.4592,30.595,18.0,48.0,75.0,2.57,TR,1619645065.0
240,atar,20.5169,-13.0499,31.939999999999998,18.0,94.0,4.98,MR,1619645066.0
241,shillong,25.5689,91.8831,17.510000000000048,40.0,1.0,0.65,IN,1619645066.0
242,pringsewu,-5.3582,104.9744,22.77000000000004,97.0,100.0,0.52,ID,1619645066.0
243,chichihualco,17.6833,-99.65,33.97000000000003,22.0,81.0,0.18,MX,1619645067.0
244,abu dhabi,24.4667,54.3667,34.0,26.0,100.0,3.6,AE,1619644900.0
245,freeport,40.6576,-73.5832,22.78000000000003,52.0,1.0,3.6,US,1619644820.0
246,buala,-8.145,159.5921,26.629999999999995,81.0,62.0,1.56,SB,1619645068.0
247,nagato,34.3833,131.2,15.0,100.0,75.0,6.17,JP,1619645068.0
248,madimba,-10.4,40.3333,25.0,94.0,20.0,5.14,TZ,1619645068.0
249,misratah,32.3754,15.0925,20.720000000000027,71.0,99.0,2.75,LY,1619645069.0
250,castro,-24.7911,-50.0119,14.810000000000002,76.0,23.0,2.59,BR,1619645043.0
251,saint george,37.1041,-113.5841,25.0,23.0,1.0,3.09,US,1619644506.0
252,touros,-5.1989,-35.4608,27.0,78.0,40.0,2.57,BR,1619645069.0
253,peleduy,59.6289,112.7406,-13.019999999999982,97.0,47.0,1.73,RU,1619645070.0
254,horki,54.2861,30.9842,2.2200000000000273,88.0,55.0,2.33,BY,1619645070.0
255,riberalta,-10.9833,-66.1,28.0,69.0,75.0,5.14,BO,1619645071.0
256,comodoro rivadavia,-45.8667,-67.5,18.0,39.0,0.0,3.6,AR,1619645071.0
257,hauknes,66.2833,14.0667,2.2200000000000273,69.0,75.0,1.03,NO,1619645071.0
258,port blair,11.6667,92.75,27.720000000000027,73.0,99.0,1.17,IN,1619645072.0
259,uige,-7.6087,15.0613,20.5,93.0,85.0,0.77,AO,1619645072.0
260,sa kaeo,13.75,102.3333,24.29000000000002,84.0,100.0,0.57,TH,1619645072.0
261,yinchuan,38.4681,106.2731,14.660000000000025,19.0,100.0,4.29,CN,1619645073.0
262,khani,41.9563,42.9566,14.0,82.0,0.0,2.06,GE,1619645073.0
263,lompoc,34.6391,-120.4579,23.33000000000004,52.0,0.0,8.75,US,1619645074.0
264,patancheru,17.5314,78.265,27.78000000000003,61.0,20.0,1.54,IN,1619645074.0
265,mandera,3.9366,41.867,30.340000000000032,52.0,100.0,1.63,KE,1619644809.0
266,nara,34.6851,135.8049,16.110000000000014,100.0,75.0,0.51,JP,1619644881.0
267,yar-sale,66.8333,70.8333,-13.339999999999975,97.0,49.0,2.33,RU,1619645075.0
268,hovd,48.0056,91.6419,10.990000000000009,44.0,100.0,3.55,MN,1619645075.0
269,elizabeth city,36.2946,-76.2511,29.439999999999998,45.0,1.0,6.69,US,1619645076.0
270,ketchikan,55.3422,-131.6461,9.0,93.0,90.0,2.06,US,1619645076.0
271,brookings,44.3114,-96.7984,18.33000000000004,34.0,1.0,2.57,US,1619645077.0
272,roros,62.5747,11.3842,-5.0,80.0,20.0,2.06,NO,1619645077.0
273,coahuayana,18.7333,-103.6833,29.0,51.0,1.0,5.14,MX,1619645078.0
274,mahina,-17.5065,-149.489,30.0,66.0,20.0,1.03,PF,1619645078.0
275,dumai,1.6833,101.45,23.27000000000004,97.0,100.0,1.01,ID,1619645074.0
276,apt,43.8833,5.4,14.0,88.0,90.0,1.03,FR,1619645079.0
277,rosario do sul,-30.2583,-54.9142,17.100000000000023,52.0,0.0,2.23,BR,1619645079.0
278,millau,44.0833,2.9167,12.220000000000027,93.0,0.0,1.54,FR,1619645080.0
279,mehamn,71.0357,27.8492,-3.0,80.0,75.0,2.06,NO,1619645080.0
280,benjamin constant,-4.3831,-70.0311,28.0,78.0,40.0,3.09,BR,1619645080.0
281,aras,42.5617,-2.356,12.0,76.0,90.0,2.57,ES,1619645081.0
283,bikaner,28.0167,73.3,31.55000000000001,18.0,17.0,6.96,IN,1619645081.0
284,binzhou,37.3667,118.0167,11.25,35.0,61.0,4.3,CN,1619645082.0
285,nebbi,2.4783,31.0889,20.310000000000002,85.0,83.0,1.25,UG,1619645082.0
286,bitung,1.4451,125.1824,24.0,94.0,40.0,0.82,ID,1619645082.0
287,muncar,-8.4333,114.3333,22.930000000000007,80.0,28.0,0.36,ID,1619645083.0
288,ukiah,39.1502,-123.2078,29.439999999999998,20.0,1.0,2.57,US,1619645083.0
289,doha,25.2867,51.5333,30.560000000000002,51.0,0.0,6.69,QA,1619645083.0
290,homer,59.6425,-151.5483,12.0,40.0,40.0,4.63,US,1619645084.0
291,chiang mai,18.75,99.0,26.110000000000014,94.0,75.0,1.54,TH,1619644863.0
292,clyde river,70.4692,-68.5914,-6.0,79.0,75.0,4.63,CA,1619645084.0
293,alta floresta,-9.8756,-56.0861,28.0,78.0,20.0,1.54,BR,1619644852.0
294,melilla,35.2937,-2.9383,18.0,72.0,0.0,6.17,ES,1619644897.0
295,saint-augustin,51.226,-58.6502,6.260000000000048,70.0,76.0,1.56,CA,1619645085.0
296,bogorodskoye,56.55,37.8833,0.35000000000002274,94.0,73.0,2.72,RU,1619645085.0
297,guia lopes da laguna,-21.4578,-56.1142,23.450000000000045,32.0,43.0,2.5,BR,1619645085.0
298,itupiranga,-5.1347,-49.3267,30.0,86.0,20.0,1.03,BR,1619645082.0
299,bonfim,3.0833,-59.95,30.460000000000036,55.0,99.0,1.36,BR,1619645086.0
300,baishishan,43.5833,127.5667,2.8799999999999955,54.0,65.0,1.62,CN,1619645086.0
301,progreso,21.2833,-89.6667,38.0,30.0,75.0,9.26,MX,1619645086.0
302,amarante,-6.2411,-42.8547,26.870000000000005,78.0,90.0,2.02,BR,1619644847.0
303,wana,32.2989,69.5725,21.890000000000043,35.0,90.0,1.1,PK,1619645087.0
304,ibra,22.6906,58.5334,27.980000000000018,24.0,100.0,2.06,OM,1619645087.0
305,teguise,29.0605,-13.564,20.0,68.0,20.0,1.03,ES,1619645088.0
306,pangody,65.85,74.4859,-2.759999999999991,92.0,100.0,2.09,RU,1619645088.0
307,pachperwa,27.5167,82.65,28.310000000000002,14.0,68.0,2.87,IN,1619645088.0
308,lubartow,51.4603,22.6095,7.78000000000003,70.0,0.0,2.57,PL,1619645089.0
309,andreapol,56.6513,32.2664,-0.5199999999999818,88.0,25.0,1.87,RU,1619645089.0
310,russell,32.3502,-85.1999,30.0,42.0,20.0,2.57,US,1619645089.0
311,sayyan,15.1718,44.3244,15.189999999999998,68.0,36.0,0.99,YE,1619645090.0
312,tamworth,52.634,-1.6959,5.560000000000002,68.0,26.0,1.34,GB,1619645090.0
313,bol,13.4586,14.7147,28.189999999999998,38.0,65.0,5.06,TD,1619645091.0
314,chivilcoy,-34.8957,-60.0167,21.670000000000016,64.0,49.0,0.45,AR,1619645091.0
315,aragarcas,-15.8975,-52.2508,32.0,45.0,20.0,1.54,BR,1619645091.0
316,amapa,1.0,-52.0,24.980000000000018,86.0,100.0,1.43,BR,1619645092.0
317,cidreira,-30.1811,-50.2056,19.010000000000048,77.0,88.0,4.41,BR,1619645092.0
318,khandyga,62.6667,135.6,-0.8700000000000045,99.0,100.0,0.39,RU,1619644820.0
319,punta arenas,-53.15,-70.9167,5.0,87.0,75.0,13.89,CL,1619645092.0
320,peniche,39.3558,-9.3811,14.439999999999998,76.0,30.0,3.58,PT,1619645073.0
321,juneau,58.3019,-134.4197,7.0,70.0,90.0,4.12,US,1619645093.0
322,bairiki,1.3292,172.9752,29.0,74.0,75.0,3.6,KI,1619645093.0
323,lagoa,39.05,-27.9833,14.950000000000045,67.0,34.0,6.43,PT,1619645094.0
324,prince rupert,54.3161,-130.3201,10.0,87.0,90.0,2.57,CA,1619645094.0
325,jian,27.1172,114.9793,15.0,93.0,89.0,0.66,CN,1619645094.0
326,penzance,50.1186,-5.5371,6.670000000000016,87.0,20.0,1.03,GB,1619645095.0
327,tiznit,29.5833,-9.5,14.580000000000041,76.0,86.0,2.84,MA,1619645095.0
328,makakilo city,21.3469,-158.0858,27.0,61.0,75.0,4.63,US,1619645095.0
329,talara,-4.5772,-81.2719,25.0,65.0,0.0,7.2,PE,1619645096.0
330,zhezkazgan,47.8043,67.7144,19.150000000000034,59.0,100.0,1.7,KZ,1619645096.0
331,castel san pietro terme,44.3986,11.5848,14.0,88.0,0.0,3.09,IT,1619645097.0
332,gunjur,13.2019,-16.7339,22.0,78.0,0.0,8.23,GM,1619645097.0
333,mount isa,-20.7333,139.5,18.0,48.0,0.0,3.6,AU,1619645097.0
334,safaga,26.7292,33.9365,25.0,19.0,0.0,4.12,EG,1619645098.0
335,sindor,62.8629,51.8905,0.5400000000000205,89.0,91.0,2.47,RU,1619645098.0
336,washougal,45.5826,-122.3534,22.220000000000027,37.0,1.0,1.54,US,1619645098.0
337,okhotsk,59.3833,143.3,-1.4399999999999977,90.0,100.0,3.18,RU,1619645099.0
338,asosa,10.0667,34.5333,20.890000000000043,63.0,58.0,1.82,ET,1619645099.0
339,karratha,-20.7377,116.8463,25.210000000000036,29.0,0.0,4.17,AU,1619645100.0
341,abu samrah,35.3029,37.1841,19.660000000000025,47.0,0.0,3.28,SY,1619645100.0
342,masallatah,32.6167,14.0,20.890000000000043,56.0,100.0,2.29,LY,1619645100.0
344,karakol,42.4907,78.3936,10.870000000000005,38.0,0.0,2.5,KG,1619645101.0
346,asyut,27.181,31.1837,24.0,31.0,0.0,5.14,EG,1619645101.0
347,vieste,41.8825,16.175,13.0,94.0,6.0,1.03,IT,1619645102.0
348,udachnyy,66.4167,112.4,-11.569999999999993,98.0,67.0,2.56,RU,1619645102.0
350,ulaangom,49.9811,92.0667,7.400000000000034,56.0,65.0,0.1,MN,1619645103.0
351,iqaluit,63.7506,-68.5145,-1.0,93.0,90.0,5.66,CA,1619645103.0
352,djibo,14.1022,-1.6306,34.610000000000014,22.0,29.0,5.1,BF,1619645104.0
354,waiuku,-37.25,174.75,15.0,82.0,90.0,2.06,NZ,1619645105.0
355,talcahuano,-36.7167,-73.1167,18.0,77.0,0.0,5.66,CL,1619645105.0
356,vestmannaeyjar,63.4427,-20.2734,6.82000000000005,80.0,14.0,7.34,IS,1619645106.0
357,cherskiy,68.75,161.3,-4.0499999999999545,94.0,100.0,3.33,RU,1619645106.0
358,nolinsk,57.5596,49.9363,2.6100000000000136,93.0,91.0,3.83,RU,1619645106.0
359,tshikapa,-6.4167,20.8,25.33000000000004,77.0,79.0,0.63,CD,1619645107.0
360,emure,7.4361,5.4593,24.450000000000045,78.0,100.0,2.22,NG,1619645107.0
361,tabatinga,-4.2525,-69.9381,28.0,78.0,40.0,3.09,BR,1619645108.0
362,bay roberts,47.5999,-53.2648,5.560000000000002,83.0,98.0,0.89,CA,1619645108.0
363,troitskoye,52.9821,84.6757,5.330000000000041,92.0,81.0,2.26,RU,1619644824.0
364,sawakin,19.1059,37.3321,27.370000000000005,76.0,0.0,0.92,SD,1619645108.0
365,mweka,-4.85,21.5667,21.450000000000045,95.0,99.0,0.5,CD,1619645109.0
366,bahia blanca,-38.7196,-62.2724,22.939999999999998,47.0,85.0,3.53,AR,1619645109.0
367,trat,12.5,102.5,26.670000000000016,99.0,99.0,0.24,TH,1619645110.0
368,ostroleka,53.0862,21.5757,5.560000000000002,60.0,70.0,1.34,PL,1619645110.0
370,voh,-20.9667,164.7,21.090000000000032,64.0,0.0,1.94,NC,1619645111.0
371,maarianhamina,60.0973,19.9348,-2.0,100.0,0.0,1.54,AX,1619645111.0
372,tefe,-3.3542,-64.7114,26.0,94.0,90.0,1.54,BR,1619645111.0
374,novikovo,51.1537,37.8879,4.189999999999998,76.0,8.0,0.88,RU,1619645112.0
375,havelock,34.8791,-76.9013,25.0,50.0,1.0,6.69,US,1619645112.0
376,atbasar,51.8,68.3333,11.650000000000034,66.0,77.0,2.13,KZ,1619645113.0
377,kendari,-3.945,122.4989,23.410000000000025,90.0,47.0,0.94,ID,1619645113.0
378,vostok,46.4856,135.8833,1.5200000000000387,86.0,7.0,2.31,RU,1619645113.0
379,novo aripuana,-5.1206,-60.3797,23.5,98.0,100.0,0.32,BR,1619645114.0
380,naze,28.3667,129.4833,19.04000000000002,87.0,100.0,8.69,JP,1619645114.0
381,zeerust,-25.5369,26.0751,14.0,47.0,6.0,2.06,ZA,1619645115.0
382,gongzhuling,43.5008,124.8198,10.080000000000041,31.0,100.0,7.8,CN,1619645115.0
383,inuvik,68.3499,-133.7218,3.0,44.0,15.0,4.12,CA,1619645004.0
384,pimentel,-6.8367,-79.9342,24.0,60.0,0.0,9.26,PE,1619645116.0
385,alugan,12.2188,125.4808,25.75,73.0,100.0,1.61,PH,1619645116.0
386,teahupoo,-17.8333,-149.2667,30.0,66.0,20.0,1.03,PF,1619645116.0
387,dingle,10.9995,122.6711,22.99000000000001,90.0,70.0,2.48,PH,1619645117.0
388,rio gallegos,-51.6226,-69.2181,9.0,49.0,20.0,12.35,AR,1619645080.0
389,hearst,49.6835,-83.6665,16.0,27.0,87.0,2.06,CA,1619645117.0
390,jamestown,42.097,-79.2353,21.670000000000016,77.0,75.0,8.23,US,1619645118.0
391,pacific grove,36.6177,-121.9166,18.0,59.0,1.0,3.09,US,1619645118.0
392,beyneu,45.3167,55.2,17.379999999999995,39.0,100.0,5.88,KZ,1619644862.0
393,port macquarie,-31.4333,152.9167,12.78000000000003,98.0,85.0,0.89,AU,1619645118.0
394,liwale,-9.7667,37.9333,20.120000000000005,98.0,64.0,0.65,TZ,1619645119.0
395,luba,3.4568,8.5547,24.0,88.0,20.0,2.45,GQ,1619645119.0
396,somerset west,-34.084,18.8211,13.890000000000043,87.0,20.0,2.57,ZA,1619645119.0
397,voloshka,61.3314,40.0858,-2.669999999999959,91.0,88.0,1.72,RU,1619645120.0
398,alekseyevsk,57.8406,108.3492,-6.819999999999993,96.0,6.0,1.91,RU,1619645120.0
399,doka,13.5167,35.7667,34.53000000000003,17.0,98.0,5.38,SD,1619645121.0
400,maple creek,49.9168,-109.4848,17.0,22.0,68.0,4.63,CA,1619645121.0
401,honningsvag,70.9821,25.9704,-2.0,74.0,90.0,5.14,NO,1619645121.0
402,bijie,27.3125,105.2942,10.310000000000002,87.0,100.0,2.78,CN,1619645122.0
405,rantepao,-2.9701,119.8978,18.390000000000043,97.0,100.0,1.19,ID,1619645122.0
406,mapiri,-15.25,-68.1667,20.480000000000018,90.0,100.0,0.5,BO,1619645123.0
408,del rio,29.3627,-100.8968,33.0,46.0,1.0,5.14,US,1619645073.0
410,iskateley,67.6803,53.1512,-4.329999999999984,86.0,100.0,0.59,RU,1619645123.0
411,harper,4.375,-7.7169,27.07000000000005,81.0,53.0,4.43,LR,1619645124.0
412,tabuk,17.4189,121.4443,21.629999999999995,84.0,27.0,1.66,PH,1619645124.0
413,bengkulu,-3.8004,102.2655,24.07000000000005,90.0,100.0,1.65,ID,1619645034.0
414,sangar,63.9242,127.4739,-13.519999999999982,92.0,50.0,0.46,RU,1619645125.0
415,nanakuli,21.3906,-158.1547,27.0,61.0,75.0,4.63,US,1619645125.0
416,norman wells,65.282,-126.8329,0.0,59.0,20.0,5.66,CA,1619645125.0
417,cobija,-11.0267,-68.7692,27.0,74.0,75.0,3.09,BO,1619645126.0
418,filingue,14.3521,3.3168,35.400000000000034,9.0,5.0,3.78,NE,1619645126.0
419,campina verde,-19.5356,-49.4864,23.600000000000023,23.0,78.0,2.8,BR,1619645126.0
420,oxford,51.7522,-1.256,7.0,65.0,20.0,6.17,GB,1619645127.0
422,tahe,52.3333,124.7333,1.8100000000000023,93.0,100.0,0.03,CN,1619645127.0
423,berdigestyakh,62.0989,126.6992,-10.71999999999997,97.0,93.0,1.84,RU,1619645128.0
424,ravar,31.2656,56.8055,25.860000000000014,23.0,100.0,2.74,IR,1619645128.0
425,catuday,16.2923,119.8062,25.640000000000043,71.0,47.0,1.48,PH,1619645128.0
426,bambanglipuro,-7.95,110.2833,25.28000000000003,71.0,100.0,1.35,ID,1619645129.0
427,mabaruma,8.2,-59.7833,25.660000000000025,81.0,100.0,2.24,GY,1619644919.0
428,leeds,53.7964,-1.5477,5.560000000000002,12.0,12.0,2.52,GB,1619645056.0
429,omaruru,-21.4333,15.9333,19.140000000000043,43.0,1.0,2.85,NA,1619645129.0
431,srednekolymsk,67.45,153.6833,-2.5399999999999636,95.0,94.0,2.33,RU,1619645130.0
433,letpadan,17.7833,95.75,26.370000000000005,75.0,9.0,2.12,MM,1619645130.0
434,victoria,22.2855,114.1577,22.78000000000003,78.0,100.0,0.45,HK,1619644984.0
435,zheleznodorozhnyy,55.7503,38.0042,5.0,81.0,0.0,2.0,RU,1619645131.0
436,cockburn town,21.4612,-71.1419,28.0,65.0,40.0,7.72,TC,1619645131.0
437,duminichi,53.9345,35.1099,2.240000000000009,93.0,89.0,2.7,RU,1619645131.0
438,broome,42.2506,-75.833,24.439999999999998,46.0,20.0,4.12,US,1619645132.0
439,kampong thum,12.7111,104.8887,25.400000000000034,86.0,100.0,1.45,KH,1619645132.0
440,japura,-0.3167,102.35,22.850000000000023,98.0,99.0,0.84,ID,1619645132.0
441,druskininkai,54.0167,23.9667,3.1299999999999955,85.0,86.0,3.28,LT,1619645133.0
442,bandarbeyla,9.4942,50.8122,28.54000000000002,78.0,25.0,2.79,SO,1619645113.0
443,huarmey,-10.0681,-78.1522,21.900000000000034,79.0,24.0,5.19,PE,1619645133.0
445,knysna,-34.0363,23.0471,15.0,88.0,90.0,2.06,ZA,1619645134.0
446,heze,35.2431,115.4411,13.080000000000041,61.0,79.0,5.39,CN,1619645134.0
447,mataura,-46.1927,168.8643,12.78000000000003,86.0,99.0,4.47,NZ,1619645134.0
448,lons,43.3167,-0.4,12.0,82.0,90.0,4.12,FR,1619645135.0
449,coffs harbour,-30.3,153.1333,14.0,94.0,40.0,1.03,AU,1619644934.0
450,caravelas,-17.7125,-39.2481,24.200000000000045,79.0,30.0,2.78,BR,1619645135.0
451,mahebourg,-20.4081,57.7,24.0,94.0,75.0,5.14,MU,1619645136.0
452,okakarara,-20.5833,17.4333,19.49000000000001,35.0,46.0,1.57,NA,1619645136.0
453,pandamatenga,-18.5278,25.627,19.970000000000027,63.0,75.0,1.27,BW,1619645136.0
454,tondano,1.3038,124.9112,24.0,94.0,40.0,0.47,ID,1619645137.0
455,pochutla,15.7432,-96.4661,31.110000000000014,62.0,40.0,7.72,MX,1619645137.0
456,suez,29.9737,32.5263,21.29000000000002,44.0,0.0,5.86,EG,1619645138.0
457,moron,-34.6534,-58.6198,21.670000000000016,57.0,49.0,1.61,AR,1619645052.0
458,havoysund,70.9963,24.6622,-2.0,74.0,90.0,5.14,NO,1619645099.0
459,sorland,67.667,12.6934,2.0,60.0,0.0,2.57,NO,1619644995.0
462,dzhubga,44.3211,38.7039,11.400000000000034,91.0,10.0,3.92,RU,1619645139.0
463,tiarei,-17.5333,-149.3333,30.0,66.0,20.0,1.03,PF,1619645139.0
464,lere,10.387,8.5726,28.58000000000004,39.0,100.0,1.95,NG,1619645139.0
465,uruguaiana,-29.7547,-57.0883,19.0,59.0,0.0,3.09,BR,1619645140.0
466,kibala,9.1104,18.3463,30.0,54.0,0.0,3.09,TD,1619645140.0
467,nenjiang,49.1833,125.2167,1.1899999999999977,60.0,1.0,2.54,CN,1619645140.0
468,ushuaia,-54.8,-68.3,4.0,87.0,75.0,7.2,AR,1619644930.0
469,sokolovyy,51.5686,45.8331,4.6299999999999955,66.0,0.0,2.65,RU,1619645141.0
470,forestville,38.8451,-76.875,31.110000000000014,37.0,20.0,4.63,US,1619645141.0
471,waterloo,43.4668,-80.5164,21.0,64.0,40.0,6.69,CA,1619644946.0
472,puerto penasco,31.3167,-113.5333,22.220000000000027,64.0,0.0,6.26,MX,1619645142.0
473,hamilton,39.1834,-84.5333,26.0,57.0,20.0,3.09,US,1619644866.0
474,panguna,-6.3164,155.4848,21.890000000000043,85.0,95.0,0.77,PG,1619645142.0
475,sola,-13.8833,167.55,24.0,100.0,90.0,10.32,VU,1619645143.0
476,grajau,-5.8194,-46.1386,24.49000000000001,92.0,97.0,1.95,BR,1619645143.0
477,leigh,53.4833,-2.5167,7.78000000000003,56.0,53.0,2.06,GB,1619645143.0
478,matamoros,25.5333,-103.25,37.0,12.0,75.0,10.29,MX,1619645144.0
479,yantai,37.5333,121.4,10.520000000000039,82.0,6.0,3.99,CN,1619645144.0
480,lucea,18.451,-78.1736,30.560000000000002,65.0,75.0,8.75,JM,1619645145.0
481,linguere,15.3953,-15.1193,30.28000000000003,23.0,81.0,8.59,SN,1619645145.0
482,faridkot,30.6667,74.75,30.160000000000025,18.0,1.0,1.72,IN,1619645145.0
484,iralaya,15.0,-83.2333,31.0,70.0,20.0,5.14,HN,1619645146.0
485,saint-georges,12.0564,-61.7485,28.0,78.0,20.0,10.29,GD,1619645146.0
486,kralendijk,12.15,-68.2667,23.0,100.0,75.0,3.09,BQ,1619645146.0
487,gorlice,49.6556,21.1604,8.330000000000041,68.0,53.0,3.08,PL,1619645147.0
488,lasa,46.6166,10.7002,17.0,81.0,75.0,2.06,IT,1619645147.0
489,namibe,-15.1961,12.1522,24.060000000000002,69.0,7.0,5.03,AO,1619644966.0
490,bogande,12.9714,-0.1436,34.900000000000034,22.0,89.0,1.5,BF,1619645148.0
491,pilar,-9.5972,-35.9567,24.0,94.0,75.0,1.54,BR,1619644855.0
492,jardim,-21.4803,-56.1381,23.379999999999995,32.0,42.0,2.51,BR,1619645148.0
493,dawei,14.0833,98.2,24.28000000000003,91.0,77.0,1.23,MM,1619645148.0
494,benguela,-12.5763,13.4055,26.05000000000001,79.0,47.0,2.47,AO,1619645149.0
495,agarak,39.2068,46.5446,12.370000000000005,78.0,73.0,1.07,AM,1619645149.0
496,darab,28.7519,54.5444,22.57000000000005,26.0,0.0,2.91,IR,1619645149.0
497,baykit,61.67,96.37,-1.5600000000000023,95.0,100.0,1.49,RU,1619645150.0
498,souillac,-20.5167,57.5167,24.0,94.0,75.0,5.14,MU,1619645087.0
499,burgthann,49.352,11.3115,12.0,58.0,0.0,4.12,DE,1619645150.0
500,owando,-0.4819,15.8999,20.470000000000027,97.0,100.0,0.12,CG,1619645151.0
501,almaty,43.25,76.95,15.0,47.0,0.0,1.0,KZ,1619645003.0
502,seinajoki,62.7945,22.8282,-1.669999999999959,93.0,0.0,1.04,FI,1619645151.0
503,olafsvik,64.8945,-23.7142,5.810000000000002,68.0,10.0,2.87,IS,1619645151.0
504,nioro,13.35,-15.75,28.100000000000023,40.0,46.0,4.97,GM,1619645152.0
505,igunga,-4.2833,33.8833,19.55000000000001,76.0,100.0,2.21,TZ,1619645152.0
506,novaya igirma,57.1334,103.9112,-6.169999999999959,87.0,10.0,1.94,RU,1619645152.0
507,georgetown,5.4112,100.3354,26.0,94.0,20.0,1.54,MY,1619645085.0
508,tateyama,34.9833,139.8667,18.0,82.0,75.0,4.12,JP,1619645153.0
509,tazovskiy,67.4667,78.7,-0.9099999999999682,98.0,100.0,2.99,RU,1619645153.0
510,nelson bay,-32.7167,152.15,13.330000000000041,100.0,66.0,3.09,AU,1619645154.0
511,tunceli,39.1083,39.5471,19.0,36.0,0.0,1.54,TR,1619645154.0
512,codrington,-38.2667,141.9667,9.79000000000002,89.0,14.0,3.24,AU,1619645154.0
513,kropotkin,45.4375,40.5756,10.0,85.0,83.0,3.7,RU,1619645155.0
514,ambikapur,23.1167,83.2,24.600000000000023,10.0,0.0,1.91,IN,1619645155.0
515,roswell,34.0232,-84.3616,28.33000000000004,44.0,40.0,3.09,US,1619645155.0
516,camana,-16.6228,-72.7111,20.980000000000018,76.0,61.0,3.56,PE,1619645156.0
517,northam,51.0333,-4.2167,7.220000000000027,1.0,98.0,4.65,GB,1619644975.0
518,tessalit,20.1986,1.0114,36.450000000000045,8.0,96.0,3.57,ML,1619645036.0
519,tokat,40.4167,36.5833,11.360000000000014,52.0,85.0,1.93,TR,1619645156.0
520,saint-francois,46.4154,3.9054,10.0,93.0,0.0,1.54,FR,1619645157.0
521,zhigansk,66.7697,123.3711,-5.1200000000000045,90.0,100.0,0.31,RU,1619645157.0
522,victoria point,-27.5833,153.3,18.33000000000004,79.0,100.0,0.45,AU,1619645157.0
525,hailar,49.2,119.7,-2.5399999999999636,83.0,100.0,4.63,CN,1619645158.0
526,leshukonskoye,64.8989,45.7622,-3.6299999999999955,76.0,58.0,1.74,RU,1619645158.0
527,kieta,-6.2167,155.6333,27.03000000000003,75.0,96.0,1.32,PG,1619645158.0
529,bani,18.2833,-70.3333,27.220000000000027,78.0,40.0,5.14,DO,1619645159.0
530,baruun-urt,46.6806,113.2792,-3.259999999999991,40.0,18.0,3.16,MN,1619645159.0
532,airai,-8.9266,125.4092,13.980000000000018,71.0,13.0,0.61,TL,1619645160.0
533,nuevitas,21.5453,-77.2644,32.0,43.0,20.0,8.23,CU,1619645160.0
534,roald,62.5833,6.1333,4.0,75.0,20.0,8.23,NO,1619645160.0
536,koungou,-12.7336,45.2042,26.0,89.0,0.0,1.54,YT,1619645161.0
537,sao joao da barra,-21.6403,-41.0511,24.0,78.0,0.0,1.54,BR,1619645161.0
538,sosva,59.1766,61.8558,2.4399999999999977,78.0,73.0,3.98,RU,1619645162.0
539,constitucion,-35.3333,-72.4167,17.660000000000025,65.0,46.0,4.67,CL,1619645162.0
540,pontian kecil,1.4801,103.3899,25.560000000000002,100.0,20.0,1.94,MY,1619645163.0
541,galle,6.0367,80.217,27.340000000000032,79.0,99.0,3.7,LK,1619645163.0
542,acapulco,16.8634,-99.8901,29.0,70.0,40.0,5.66,MX,1619645019.0
543,muisne,0.6,-80.0333,26.0,89.0,75.0,2.57,EC,1619645163.0
544,petropavlovsk-kamchatskiy,53.0452,158.6483,5.0,81.0,100.0,5.0,RU,1619645164.0
545,eyl,7.9803,49.8164,28.720000000000027,74.0,17.0,3.83,SO,1619645164.0
546,puerto ayora,-0.7393,-90.3518,27.0,78.0,75.0,7.2,EC,1619645026.0
547,ahipara,-35.1667,173.1667,15.390000000000043,64.0,18.0,3.89,NZ,1619645165.0
548,quatre cocos,-20.2078,57.7625,24.439999999999998,94.0,75.0,5.14,MU,1619644942.0
549,mega,4.05,38.3,15.870000000000005,80.0,9.0,3.31,ET,1619645165.0
550,atkarsk,51.8718,45.0078,3.9700000000000273,67.0,3.0,2.69,RU,1619645166.0
551,thompson,55.7435,-97.8558,0.0,29.0,20.0,4.63,CA,1619645085.0
552,ancud,-41.8697,-73.8203,13.0,100.0,90.0,3.09,CL,1619645166.0
553,meulaboh,4.1363,96.1285,25.27000000000004,89.0,96.0,2.21,ID,1619645167.0
554,sur,22.5667,59.5289,30.680000000000007,38.0,97.0,2.38,OM,1619645105.0
555,khromtau,50.2503,58.4347,6.770000000000039,76.0,26.0,1.08,KZ,1619645167.0
556,ilebo,-4.3167,20.5833,22.760000000000048,95.0,99.0,0.17,CD,1619645167.0
557,douglas,41.3,-96.167,20.560000000000002,63.0,90.0,1.54,US,1619645168.0
558,katsuura,35.1333,140.3,18.0,82.0,75.0,4.12,JP,1619645168.0
559,port hawkesbury,45.6169,-61.3485,9.439999999999998,81.0,90.0,3.09,CA,1619645168.0
560,mitha tiwana,32.2486,72.1108,29.340000000000032,28.0,92.0,2.22,PK,1619645169.0
561,jati,24.3539,68.2671,27.860000000000014,68.0,81.0,2.6,PK,1619645169.0
562,torbay,47.6666,-52.7314,6.670000000000016,75.0,75.0,7.2,CA,1619645029.0
563,tuatapere,-46.1333,167.6833,12.78000000000003,86.0,97.0,4.47,NZ,1619645078.0
564,zlatograd,41.3833,25.1,15.0,71.0,52.0,1.34,BG,1619645170.0
565,lazaro cardenas,17.9583,-102.2,29.5,58.0,31.0,5.9,MX,1619645170.0
566,nyurba,63.2842,118.3319,-8.659999999999968,95.0,31.0,0.46,RU,1619645170.0
567,lebu,-37.6167,-73.65,15.910000000000025,78.0,93.0,3.03,CL,1619645032.0
568,roebourne,-20.7833,117.1333,25.33000000000004,29.0,0.0,4.54,AU,1619645171.0
569,bouna,9.2667,-3.0,25.160000000000025,75.0,99.0,2.47,CI,1619645171.0
570,livani,56.3543,26.1758,1.6299999999999955,81.0,38.0,0.8,LV,1619645172.0
571,kalmunai,7.4167,81.8167,26.350000000000023,82.0,98.0,1.55,LK,1619645172.0
573,altay,47.8667,88.1167,10.700000000000045,57.0,62.0,3.02,CN,1619645172.0
574,dunmore east,52.1514,-6.9861,8.330000000000041,76.0,57.0,1.34,IE,1619645173.0
576,arraial do cabo,-22.9661,-42.0278,24.0,73.0,20.0,1.54,BR,1619645049.0
578,cisarua,-6.6527,106.471,25.560000000000002,95.0,100.0,0.42,ID,1619645174.0
579,lethem,3.3803,-59.7968,29.850000000000023,59.0,100.0,2.78,GY,1619645174.0
580,kysyl-syr,63.8986,122.7617,-9.70999999999998,96.0,78.0,1.63,RU,1619645174.0
581,mandalgovi,45.7625,106.2708,-1.4699999999999704,54.0,52.0,3.35,MN,1619645008.0
582,walvis bay,-22.9575,14.5053,16.110000000000014,82.0,0.0,1.54,NA,1619644901.0
583,nipawin,53.3668,-104.0009,4.0,30.0,90.0,1.54,CA,1619645073.0
584,north bend,43.4065,-124.2243,22.78000000000003,67.0,1.0,4.12,US,1619645073.0
585,chornobayivka,46.6941,32.5537,8.03000000000003,67.0,50.0,3.88,UA,1619645175.0
586,zabid,14.1951,43.3152,29.670000000000016,57.0,54.0,3.24,YE,1619645176.0
587,avera,33.194,-82.5271,29.0,45.0,1.0,2.57,US,1619645176.0
588,byron bay,-28.65,153.6167,15.0,100.0,75.0,3.36,AU,1619644594.0
589,flin flon,54.7682,-101.865,2.0,27.0,75.0,5.66,CA,1619645089.0
590,mwinilunga,-11.7358,24.4293,19.930000000000007,76.0,97.0,1.41,ZM,1619645176.0
591,machico,32.7,-16.7667,17.0,67.0,40.0,2.06,PT,1619645177.0
592,te anau,-45.4167,167.7167,10.330000000000041,93.0,100.0,2.05,NZ,1619645177.0
594,balabac,7.9868,117.0645,26.58000000000004,84.0,72.0,3.83,PH,1619645178.0
595,bandipur,27.9333,84.4167,18.850000000000023,19.0,6.0,1.79,NP,1619645178.0
596,porto nacional,-10.7081,-48.4172,29.0,74.0,40.0,1.54,BR,1619645178.0
597,kavaratti,10.5669,72.642,28.870000000000005,71.0,0.0,2.16,IN,1619645076.0
598,pontes e lacerda,-15.2261,-59.3353,23.340000000000032,66.0,100.0,1.46,BR,1619645179.0
599,adolfo lopez mateos,28.4667,-107.3,17.220000000000027,23.0,1.0,8.05,MX,1619645179.0
600,san francisco,37.7749,-122.4194,25.0,31.0,20.0,1.54,US,1619644757.0
601,yambio,4.5721,28.3955,20.879999999999995,94.0,80.0,0.62,SS,1619645180.0
602,kopong,-24.4833,25.8833,20.0,30.0,0.0,2.57,BW,1619645180.0
603,cardoso,-20.0819,-49.9142,24.350000000000023,23.0,62.0,2.3,BR,1619645181.0
604,maxixe,-23.8597,35.3472,22.410000000000025,82.0,0.0,3.03,MZ,1619645136.0
605,sao gabriel da cachoeira,-0.1303,-67.0892,24.730000000000018,93.0,97.0,1.46,BR,1619644954.0
606,zhanaozen,43.3,52.8,17.840000000000032,48.0,100.0,9.58,KZ,1619645181.0
607,sitka,57.0531,-135.33,9.0,76.0,75.0,3.6,US,1619645182.0
608,port lincoln,-34.7333,135.8667,16.350000000000023,56.0,7.0,1.42,AU,1619645182.0
609,klaksvik,62.2266,-6.589,3.0,87.0,90.0,4.12,FO,1619645182.0
610,wolverhampton,52.5855,-2.123,5.560000000000002,73.0,42.0,3.55,GB,1619645183.0
612,naryan-mar,67.6713,53.087,-4.3799999999999955,87.0,100.0,0.55,RU,1619645183.0
613,college,64.8569,-147.8028,8.330000000000041,26.0,40.0,2.57,US,1619645183.0
614,manoel urbano,-8.8389,-69.2597,27.120000000000005,73.0,99.0,1.09,BR,1619645184.0
615,taoudenni,22.6783,-3.9836,36.26000000000005,14.0,64.0,3.31,ML,1619645184.0
616,moose factory,51.2585,-80.6094,11.0,25.0,1.0,3.6,CA,1619645184.0
617,myskhako,44.6714,37.7433,10.0,76.0,4.0,6.0,RU,1619645185.0
618,kpandu,6.9954,0.2931,26.860000000000014,78.0,97.0,4.69,GH,1619645185.0
619,santa isabel do rio negro,-0.4139,-65.0192,24.610000000000014,94.0,97.0,0.88,BR,1619645185.0
620,paredon,16.0333,-93.8667,30.720000000000027,59.0,99.0,4.42,MX,1619645186.0
621,kholodnyy,62.7167,147.95,-5.399999999999977,93.0,64.0,0.93,RU,1619645154.0
622,albany,42.6001,-73.9662,21.110000000000014,43.0,100.0,1.79,US,1619645186.0
623,west bay,19.3667,-81.4167,31.0,55.0,20.0,6.17,KY,1619645187.0
624,esperance,-33.8667,121.9,21.0,30.0,100.0,8.75,AU,1619645187.0
625,ginda,30.6945,78.4932,15.050000000000011,37.0,0.0,3.87,IN,1619645187.0
626,wajir,1.7471,40.0573,28.370000000000005,59.0,14.0,5.63,KE,1619645188.0
627,emerald,-23.5333,148.1667,17.0,67.0,90.0,3.6,AU,1619645189.0
628,inverell,-29.7833,151.1167,9.439999999999998,76.0,84.0,0.45,AU,1619645189.0
629,tuktoyaktuk,69.4541,-133.0374,-3.0,80.0,20.0,7.72,CA,1619645189.0
630,krasnogvardeyskoye,45.8456,41.5186,10.100000000000023,87.0,99.0,4.25,RU,1619645190.0
631,laguna,38.421,-121.4238,29.439999999999998,14.0,1.0,4.63,US,1619645190.0
632,mocuba,-16.8392,36.9856,21.340000000000032,98.0,62.0,1.11,MZ,1619645191.0
633,grand-lahou,5.1367,-5.0242,27.060000000000002,84.0,98.0,3.81,CI,1619645191.0
634,tilichiki,60.4667,166.1,-2.1899999999999977,85.0,100.0,2.78,RU,1619645191.0
635,illapel,-31.6308,-71.1653,24.310000000000002,46.0,0.0,2.31,CL,1619645192.0
636,bubaque,11.2833,-15.8333,25.310000000000002,72.0,49.0,8.51,GW,1619645192.0
637,fougamou,-1.2154,10.5838,23.629999999999995,97.0,100.0,0.29,GA,1619645192.0
638,rabak,13.1809,32.74,35.83000000000004,18.0,91.0,3.36,SD,1619645193.0
639,iisalmi,63.5592,27.1907,-1.0,80.0,20.0,1.03,FI,1619645193.0
640,sebinkarahisar,40.2883,38.4236,14.170000000000016,48.0,100.0,0.65,TR,1619645194.0
641,verkhnyaya inta,65.9811,60.3094,-2.269999999999982,97.0,100.0,3.15,RU,1619644995.0
642,fairbanks,64.8378,-147.7164,9.439999999999998,27.0,1.0,2.57,US,1619645194.0
643,axim,4.8699,-2.2405,27.25,83.0,98.0,2.84,GH,1619645194.0
644,high level,58.5169,-117.136,2.0,35.0,20.0,4.12,CA,1619645195.0
645,gravdal,68.1214,13.5031,2.0,60.0,0.0,2.57,NO,1619645082.0
646,nunchia,5.6406,-72.1986,26.090000000000032,80.0,100.0,1.67,CO,1619645195.0
647,clarence town,-32.5833,151.7833,12.78000000000003,100.0,54.0,3.09,AU,1619645196.0
648,evora,38.5667,-7.9,13.0,88.0,75.0,5.66,PT,1619645122.0
649,komatipoort,-25.4332,31.9548,19.439999999999998,93.0,0.0,0.99,ZA,1619645196.0
650,miandrivazo,-19.5167,45.4667,24.890000000000043,78.0,3.0,0.68,MG,1619645196.0
651,iberia,29.9502,-91.7507,28.890000000000043,65.0,75.0,10.29,US,1619645197.0
652,tadine,-21.55,167.8833,23.260000000000048,54.0,20.0,5.77,NC,1619645197.0
653,seminole,28.7086,-81.2081,30.0,44.0,1.0,4.12,US,1619645197.0
654,luderitz,-26.6481,15.1594,16.220000000000027,78.0,0.0,7.03,NA,1619645198.0
655,yucca valley,34.1142,-116.4322,23.890000000000043,18.0,0.0,4.02,US,1619645198.0
656,cabedelo,-6.9811,-34.8339,26.0,100.0,20.0,2.57,BR,1619645069.0
657,vilhena,-12.7406,-60.1458,26.0,73.0,40.0,5.14,BR,1619645199.0
658,teguldet,57.3064,88.1667,5.020000000000039,92.0,90.0,3.86,RU,1619645199.0
659,ayia galini,35.1,24.6833,26.110000000000014,36.0,100.0,3.67,GR,1619645199.0
660,lagos,6.5833,3.75,28.0,78.0,20.0,1.2,NG,1619644634.0
661,bredasdorp,-34.5322,20.0403,14.0,72.0,77.0,1.54,ZA,1619645200.0
662,sao miguel do araguaia,-13.275,-50.1628,27.700000000000045,60.0,37.0,0.76,BR,1619645059.0
663,omboue,-1.5746,9.2618,25.189999999999998,90.0,92.0,2.0,GA,1619645200.0
664,acarau,-2.8856,-40.12,26.150000000000034,84.0,80.0,5.48,BR,1619645201.0
665,solnechnyy,50.7214,136.6319,4.840000000000032,95.0,100.0,1.55,RU,1619645201.0
666,okato,-39.2,173.8833,9.439999999999998,67.0,56.0,1.79,NZ,1619645202.0
667,bintulu,3.1667,113.0333,25.0,94.0,40.0,1.52,MY,1619645202.0
668,ribas do rio pardo,-20.4431,-53.7592,26.08000000000004,21.0,35.0,3.65,BR,1619645202.0
669,konevo,62.1215,39.3192,-3.1399999999999864,81.0,57.0,1.12,RU,1619645203.0
670,hirara,24.8,125.2833,23.220000000000027,79.0,71.0,6.21,JP,1619645090.0
671,tabou,4.423,-7.3528,26.960000000000036,82.0,75.0,4.2,CI,1619645203.0
672,santa fe,-31.6333,-60.7,22.220000000000027,61.0,0.0,1.79,AR,1619645096.0
673,vengerovo,55.6848,76.7471,7.740000000000009,85.0,100.0,4.49,RU,1619645204.0
675,saint-philippe,-21.3585,55.7679,25.0,83.0,0.0,10.29,RE,1619645204.0
677,udaipur,24.5712,73.6918,27.689999999999998,22.0,89.0,2.53,IN,1619645205.0
678,quimperle,47.8667,-3.55,10.0,66.0,0.0,2.57,FR,1619645205.0
679,puerto carreno,6.189,-67.4859,26.260000000000048,81.0,100.0,1.8,CO,1619645205.0
680,hakkari,37.5833,44.1667,9.410000000000025,76.0,31.0,0.53,TR,1619645206.0
681,harsud,22.1,76.7333,31.460000000000036,20.0,35.0,5.15,IN,1619645206.0
682,graham,47.0529,-122.2943,19.439999999999998,42.0,1.0,1.8,US,1619645206.0
683,westport,41.1415,-73.3579,23.33000000000004,67.0,1.0,4.63,US,1619645207.0
684,san carlos de bariloche,-41.1456,-71.3082,19.439999999999998,55.0,40.0,7.2,AR,1619645207.0
685,seoul,37.5683,126.9778,10.0,76.0,0.0,1.03,KR,1619645006.0
686,chagoda,59.164,35.3285,-1.3999999999999773,90.0,68.0,2.02,RU,1619645208.0
687,faya,18.3851,42.4509,16.0,82.0,20.0,0.78,SA,1619645208.0
688,leningradskiy,69.3833,178.4167,-7.109999999999957,80.0,22.0,1.9,RU,1619645207.0
689,morondava,-20.2833,44.2833,26.160000000000025,78.0,0.0,4.68,MG,1619645209.0
690,denpasar,-8.65,115.2167,24.0,88.0,20.0,2.06,ID,1619645137.0
692,mahon,39.8885,4.2658,16.0,94.0,20.0,2.57,ES,1619645209.0
693,maku,39.2911,44.4521,15.640000000000043,62.0,77.0,1.51,IR,1619645210.0
694,manokwari,-0.8667,134.0833,25.57000000000005,76.0,6.0,1.6,ID,1619645210.0
695,kununurra,-15.7667,128.7333,25.0,94.0,40.0,1.54,AU,1619645210.0
696,ca mau,9.1769,105.15,25.970000000000027,85.0,100.0,1.1,VN,1619645211.0
697,gayny,60.3071,54.3241,3.1899999999999977,94.0,100.0,2.86,RU,1619645211.0
698,guozhen,34.3659,107.359,14.470000000000027,39.0,26.0,3.03,CN,1619645211.0
699,yzeure,46.5644,3.355,10.0,93.0,0.0,1.54,FR,1619645212.0
700,awbari,26.5921,12.7805,33.32000000000005,10.0,100.0,4.38,LY,1619645212.0
701,san luis,-33.295,-66.3356,21.439999999999998,41.0,0.0,3.1,AR,1619645212.0
702,xuddur,4.1213,43.8894,25.060000000000002,75.0,23.0,4.88,SO,1619645213.0
703,henties bay,-22.116,14.2845,16.110000000000014,91.0,0.0,1.34,NA,1619645213.0
704,santa cruz de tenerife,28.4682,-16.2546,20.560000000000002,94.0,75.0,2.06,ES,1619645213.0
705,andros town,24.7,-77.7667,28.0,65.0,40.0,5.66,BS,1619645214.0
706,dikson,73.5069,80.5464,-6.539999999999964,96.0,100.0,3.28,RU,1619645071.0
707,srandakan,-7.9386,110.2506,25.370000000000005,71.0,100.0,1.37,ID,1619645214.0
708,rawson,-43.3002,-65.1023,18.710000000000036,47.0,81.0,5.36,AR,1619645215.0
709,lata,40.1629,-8.3327,12.78000000000003,86.0,49.0,2.68,PT,1619645063.0
710,new norfolk,-42.7826,147.0587,13.330000000000041,85.0,99.0,1.16,AU,1619645192.0
711,dakoro,14.5106,6.765,31.470000000000027,6.0,2.0,4.6,NE,1619645215.0
712,wolgast,54.05,13.7667,7.78000000000003,75.0,94.0,0.89,DE,1619645216.0
714,whitehorse,60.7161,-135.0538,1.1100000000000136,44.0,75.0,4.63,CA,1619645216.0
715,dwarka,22.2394,68.9678,27.200000000000045,77.0,98.0,1.63,IN,1619645216.0
716,muros,42.7762,-9.0603,11.670000000000016,69.0,0.0,5.35,ES,1619645217.0
717,payyannur,12.1,75.2,27.350000000000023,85.0,12.0,1.9,IN,1619645217.0
718,yumen,40.2833,97.2,14.240000000000009,13.0,18.0,8.31,CN,1619645217.0
719,oktyabrskoye,43.0645,44.7417,13.0,82.0,100.0,2.0,RU,1619645218.0
720,kashi,39.4547,75.9797,19.0,15.0,0.0,5.0,CN,1619645218.0
721,ostrovnoy,68.0531,39.5131,-3.909999999999968,87.0,100.0,3.08,RU,1619645219.0
722,skreia,60.65,10.9333,3.330000000000041,71.0,100.0,1.23,NO,1619645219.0
723,provideniya,64.3833,-173.3,1.0,64.0,0.0,2.0,RU,1619645004.0
724,jacareacanga,-6.2222,-57.7528,22.939999999999998,98.0,100.0,0.68,BR,1619645141.0
725,ouesso,1.6136,16.0517,22.360000000000014,96.0,100.0,1.35,CG,1619645220.0
726,bela,25.9333,81.9833,31.55000000000001,11.0,30.0,2.42,IN,1619645220.0
727,deputatskiy,69.3,139.9,-11.269999999999982,92.0,45.0,2.23,RU,1619645221.0
728,payo,-3.7508,103.6372,22.510000000000048,98.0,100.0,1.0,ID,1619645221.0
729,utinga,-5.8172,-35.3954,28.0,78.0,40.0,2.57,BR,1619645221.0
731,namatanai,-3.6667,152.4333,26.730000000000018,80.0,70.0,2.43,PG,1619645149.0
732,pisco,-13.7,-76.2167,20.0,88.0,90.0,2.57,PE,1619645094.0
733,mount gambier,-37.8333,140.7667,8.0,100.0,6.0,4.12,AU,1619645223.0
734,port alfred,-33.5906,26.891,19.470000000000027,81.0,96.0,3.64,ZA,1619645180.0
735,dawson creek,55.7666,-120.2362,0.0,74.0,20.0,2.57,CA,1619645223.0
736,riviere-au-renard,48.9957,-64.3971,9.0,57.0,90.0,4.63,CA,1619645223.0
737,soyo,-6.1349,12.3689,26.460000000000036,88.0,60.0,3.57,AO,1619645224.0
738,albury,-36.0833,146.9167,8.330000000000041,100.0,7.0,0.51,AU,1619645011.0
739,barrow,71.2906,-156.7887,-7.0,86.0,90.0,4.12,US,1619645071.0
740,lady frere,-31.7031,27.2329,13.770000000000039,78.0,78.0,0.51,ZA,1619645224.0
741,tezu,27.9167,96.1667,24.200000000000045,37.0,97.0,1.94,IN,1619645225.0
742,hami,42.8,93.45,16.04000000000002,20.0,22.0,0.28,CN,1619645077.0
743,mingaora,34.7758,72.3625,19.120000000000005,38.0,69.0,3.51,PK,1619645225.0
744,yulara,-25.2406,130.9889,11.0,54.0,0.0,3.6,AU,1619644936.0
745,ciudad bolivar,8.1222,-63.5497,32.55000000000001,43.0,79.0,2.04,VE,1619645226.0
746,dukat,62.55,155.55,-3.8999999999999773,58.0,100.0,1.09,RU,1619645227.0
747,moss point,30.4116,-88.5345,27.0,69.0,20.0,5.14,US,1619645227.0
748,pinheiro machado,-31.5783,-53.3811,12.220000000000027,85.0,0.0,1.79,BR,1619645227.0
750,mayumba,-3.432,10.6554,25.810000000000002,89.0,91.0,0.8,GA,1619645228.0
751,labuhan,-6.8844,112.2051,24.390000000000043,82.0,100.0,2.62,ID,1619645228.0
752,waingapu,-9.6567,120.2641,22.600000000000023,74.0,70.0,1.85,ID,1619645228.0
753,khasan,42.4308,130.6434,6.550000000000011,54.0,7.0,0.7,RU,1619645229.0
754,bezhetsk,57.7851,36.6965,-0.3199999999999932,91.0,21.0,2.97,RU,1619645229.0
755,ifo,6.8144,3.1958,28.0,78.0,20.0,2.1,NG,1619645229.0
757,oranjemund,-28.55,16.4333,14.850000000000023,92.0,27.0,5.64,NA,1619645091.0
758,jining,35.405,116.5814,14.439999999999998,52.0,16.0,6.33,CN,1619645230.0
759,bialystok,53.1333,23.15,6.670000000000016,48.0,88.0,2.24,PL,1619645106.0
760,isla mujeres,21.2311,-86.731,30.0,62.0,40.0,7.72,MX,1619645230.0
761,santa luzia,-19.7697,-43.8514,24.0,69.0,40.0,4.12,BR,1619644934.0
762,cerkezkoy,41.285,28.0003,11.0,76.0,0.0,5.14,TR,1619645231.0
763,gizo,-8.103,156.8419,27.430000000000007,75.0,95.0,4.96,SB,1619645231.0
764,chokurdakh,70.6333,147.9167,-14.289999999999964,92.0,71.0,3.53,RU,1619645232.0
765,ambulu,-8.345,113.6058,22.890000000000043,81.0,61.0,1.27,ID,1619645232.0
767,samarai,-10.6167,150.6667,26.379999999999995,75.0,100.0,6.6,PG,1619645233.0
768,vao,-22.6667,167.4833,23.350000000000023,53.0,82.0,6.45,NC,1619645233.0
769,lubango,-14.9172,13.4925,15.990000000000009,72.0,25.0,1.2,AO,1619645233.0
770,festus,38.2206,-90.396,21.670000000000016,96.0,100.0,3.66,US,1619645234.0
771,batemans bay,-35.7167,150.1833,11.670000000000016,96.0,56.0,0.89,AU,1619645234.0
772,soe,-9.8607,124.284,16.460000000000036,80.0,13.0,1.44,ID,1619645167.0
773,rocha,-34.4833,-54.3333,14.480000000000018,82.0,34.0,1.06,UY,1619645235.0
774,padang,-0.9492,100.3543,25.0,100.0,75.0,0.51,ID,1619645039.0
775,los llanos de aridane,28.6585,-17.9182,21.0,60.0,90.0,3.09,ES,1619645050.0
776,kaitangata,-46.2817,169.8464,12.78000000000003,75.0,100.0,0.45,NZ,1619645064.0
777,pali,25.7667,73.3333,29.379999999999995,27.0,97.0,3.13,IN,1619645235.0
778,norton,-17.8833,30.7,16.670000000000016,75.0,86.0,1.79,ZW,1619645236.0
779,hilo,19.7297,-155.09,29.0,51.0,75.0,4.12,US,1619645236.0
780,mana,5.6592,-53.7767,25.370000000000005,87.0,100.0,3.95,GF,1619645237.0
781,hobart,-42.8794,147.3294,13.330000000000041,71.0,75.0,2.57,AU,1619645182.0
782,letlhakeng,-24.0944,25.0298,21.57000000000005,29.0,90.0,2.47,BW,1619645237.0
783,hasaki,35.7333,140.8333,15.0,100.0,75.0,2.06,JP,1619645238.0
784,sinnamary,5.3833,-52.95,24.930000000000007,90.0,91.0,4.81,GF,1619645238.0
785,chumikan,54.7183,135.315,-1.4499999999999886,78.0,100.0,10.58,RU,1619645239.0
786,caraballeda,10.6112,-66.8522,26.0,78.0,90.0,3.09,VE,1619645239.0
787,margate,51.3813,1.3862,8.330000000000041,74.0,100.0,3.58,GB,1619645240.0
788,seaham,54.839,-1.3458,5.560000000000002,77.0,87.0,1.34,GB,1619645240.0
789,lianran,24.9227,102.485,8.0,100.0,75.0,6.0,CN,1619645241.0
790,saint-joseph,-21.3667,55.6167,25.0,83.0,0.0,10.29,RE,1619645241.0
791,chimbote,-9.0853,-78.5783,21.610000000000014,77.0,36.0,4.99,PE,1619645241.0
792,matara,5.9485,80.5353,26.5,83.0,100.0,2.91,LK,1619644946.0
793,miri,4.4148,114.0089,24.0,88.0,40.0,1.87,MY,1619645242.0
794,monki,53.405,22.7979,6.670000000000016,48.0,75.0,2.24,PL,1619645242.0
796,erzin,36.9559,36.2,18.33000000000004,89.0,14.0,0.71,TR,1619645243.0
799,puerto leguizamo,-0.1934,-74.7819,27.79000000000002,66.0,76.0,0.92,CO,1619645238.0
800,saldanha,-33.0117,17.9442,13.0,82.0,54.0,2.57,ZA,1619645183.0
801,busselton,-33.65,115.3333,15.560000000000002,97.0,100.0,0.75,AU,1619645243.0
805,hermanus,-34.4187,19.2345,10.0,90.0,8.0,3.77,ZA,1619645244.0
806,abrau-dyurso,44.69,37.59,10.0,76.0,5.0,6.0,RU,1619645245.0
807,aljezur,37.3191,-8.8033,14.740000000000009,76.0,80.0,5.42,PT,1619645245.0
808,rosarito,32.3333,-117.0333,23.0,46.0,1.0,5.66,MX,1619645245.0
809,port hedland,-20.3167,118.5667,19.0,52.0,3.0,2.06,AU,1619645145.0
810,belmonte,-15.8631,-38.8828,26.0,78.0,20.0,2.06,BR,1619645246.0
811,mount abu,24.6,72.7,23.120000000000005,26.0,97.0,3.6,IN,1619645246.0
812,broken hill,-31.95,141.4333,10.0,57.0,0.0,3.15,AU,1619645247.0
813,berlevag,70.8578,29.0864,-3.0,80.0,75.0,7.72,NO,1619645247.0
814,charters towers,-20.1,146.2667,16.79000000000002,85.0,0.0,3.14,AU,1619645066.0
815,mongo,12.1844,18.693,32.28000000000003,10.0,60.0,2.24,TD,1619645248.0
816,brae,60.3964,-1.353,3.0,81.0,20.0,3.09,GB,1619645245.0
817,gaoual,11.75,-13.2,34.10000000000002,21.0,27.0,2.58,GN,1619645248.0
819,sillod,20.3,75.65,27.0,47.0,40.0,2.83,IN,1619645248.0
820,atasu,48.6814,71.6433,18.27000000000004,38.0,100.0,3.11,KZ,1619645249.0
821,half moon bay,37.4636,-122.4286,26.0,72.0,1.0,4.12,US,1619645250.0
822,aklavik,68.2191,-135.0107,3.0,44.0,11.0,4.12,CA,1619645250.0
823,kuytun,54.3419,101.5036,0.75,57.0,100.0,4.34,RU,1619645251.0
824,nadym,65.5333,72.5167,-2.0600000000000023,84.0,93.0,1.75,RU,1619645251.0
825,awjilah,29.1081,21.2869,28.010000000000048,8.0,81.0,4.96,LY,1619645251.0
826,tagusao,9.1924,117.8141,25.980000000000018,84.0,97.0,1.94,PH,1619645252.0
827,magistralnyy,56.1725,107.4458,-8.009999999999991,96.0,7.0,0.96,RU,1619645252.0
828,kargasok,59.0556,80.8572,2.3799999999999955,83.0,70.0,2.71,RU,1619645252.0
829,sarab,38.6066,44.9883,15.230000000000018,69.0,22.0,1.6,IR,1619645253.0
830,narsaq,60.9167,-46.05,7.0,61.0,59.0,7.2,GL,1619645253.0
831,qaanaaq,77.484,-69.3632,-0.049999999999954525,86.0,100.0,3.09,GL,1619644995.0
832,saint anthony,45.0205,-93.218,17.220000000000027,41.0,1.0,4.12,US,1619645254.0
833,leh,34.1667,77.5833,2.170000000000016,44.0,75.0,0.74,IN,1619645254.0
834,shingu,33.7333,135.9833,17.150000000000034,92.0,100.0,4.98,JP,1619645254.0
835,svetlaya,46.5389,138.3297,5.0400000000000205,81.0,30.0,1.96,RU,1619645255.0
836,ourinhos,-22.9789,-49.8706,20.730000000000018,47.0,5.0,2.33,BR,1619645255.0
837,estevan,49.1334,-102.9842,10.0,34.0,20.0,4.12,CA,1619645255.0
838,kodiak,57.79,-152.4072,7.0,87.0,90.0,5.66,US,1619645115.0
839,skibbereen,51.55,-9.2667,7.0,65.0,75.0,1.03,IE,1619645256.0
840,cabrera,19.6426,-69.9049,28.0,69.0,40.0,3.09,DO,1619645256.0
841,ankazoabo,-22.2833,44.5167,24.200000000000045,63.0,94.0,3.6,MG,1619645257.0
842,chicama,-7.8447,-79.1469,19.0,82.0,94.0,3.6,PE,1619645257.0
843,santa maria,-29.6842,-53.8069,18.0,59.0,0.0,1.03,BR,1619644931.0
844,cajuru,-21.2753,-47.3042,28.0,28.0,0.0,3.6,BR,1619645258.0
845,fukue,32.6881,128.8419,17.57000000000005,80.0,100.0,7.97,JP,1619645122.0
846,scarborough,54.2797,-0.4044,4.439999999999998,80.0,9.0,0.89,GB,1619645258.0
847,bambous virieux,-20.3428,57.7575,24.439999999999998,94.0,75.0,5.14,MU,1619645258.0
848,ormara,25.2088,64.6357,27.379999999999995,78.0,36.0,2.1,PK,1619645259.0
849,santa cruz,-17.8,-63.1667,22.0,64.0,75.0,4.12,BO,1619645259.0
850,fez,34.0372,-4.9998,15.0,82.0,75.0,3.09,MA,1619645115.0
851,shaoguan,24.8,113.5833,16.49000000000001,95.0,98.0,1.04,CN,1619645260.0
852,atherton,53.5237,-2.4935,7.78000000000003,65.0,53.0,1.34,GB,1619645260.0
853,moerai,-22.4333,-151.3333,25.620000000000005,72.0,100.0,3.87,PF,1619645260.0
854,mumbwa,-14.9783,27.0619,20.5,61.0,74.0,2.15,ZM,1619645261.0
855,edd,13.9297,41.6925,30.0,67.0,37.0,0.73,ER,1619645261.0
856,timmins,48.4669,-81.3331,15.0,25.0,75.0,2.57,CA,1619644988.0
857,durres,41.3231,19.4414,13.0,82.0,0.0,1.54,AL,1619645261.0
858,blagoyevo,63.3667,47.9167,-1.6200000000000045,83.0,100.0,1.94,RU,1619645262.0
859,ndungu,-4.3667,38.05,21.510000000000048,96.0,42.0,0.68,TZ,1619645263.0
860,samandag,36.0842,35.9771,18.0,72.0,0.0,6.69,TR,1619645263.0
861,evensk,61.95,159.2333,-4.779999999999973,66.0,5.0,3.06,RU,1619645264.0
862,maniitsoq,65.4167,-52.9,2.5500000000000114,76.0,100.0,3.32,GL,1619645264.0
863,anadyr,64.75,177.4833,-5.0,74.0,0.0,3.0,RU,1619645265.0
864,bronnoysund,65.4625,12.1997,3.0,65.0,92.0,4.12,NO,1619645265.0
865,banda aceh,5.5577,95.3222,26.32000000000005,79.0,87.0,1.08,ID,1619645106.0
866,celestun,20.8667,-90.4,32.18000000000001,55.0,2.0,5.32,MX,1619645265.0
867,chibombo,-14.6569,28.0706,19.100000000000023,71.0,40.0,2.7,ZM,1619645266.0
868,lesozavodsk,45.4794,133.4244,3.8799999999999955,75.0,1.0,3.3,RU,1619645266.0
869,lixourion,38.2019,20.4314,17.140000000000043,83.0,2.0,2.8,GR,1619645266.0
870,luganville,-15.5333,167.1667,25.230000000000018,77.0,90.0,5.35,VU,1619645267.0
872,isangel,-19.55,169.2667,24.0,69.0,20.0,2.57,VU,1619645267.0
873,egvekinot,66.3167,-179.1667,-7.569999999999993,86.0,45.0,0.73,RU,1619645158.0
874,nampula,-15.1165,39.2666,23.0,100.0,75.0,2.06,MZ,1619645268.0
875,yerbogachen,61.2767,108.0108,-6.819999999999993,93.0,11.0,1.78,RU,1619645268.0
876,geraldton,-28.7667,114.6,15.0,72.0,89.0,4.63,AU,1619645151.0
877,marystown,47.1666,-55.1483,3.420000000000016,93.0,100.0,6.05,CA,1619645269.0
878,emba,48.8264,58.1442,9.430000000000007,61.0,98.0,2.76,KZ,1619645269.0
879,karasjok,69.4719,25.5112,-4.0,93.0,100.0,2.06,NO,1619645269.0
880,marsala,37.7966,12.4352,16.0,82.0,0.0,1.03,IT,1619645269.0
881,baturinskaya,45.7927,39.3707,10.0,85.0,32.0,3.13,RU,1619645270.0
882,atuona,-9.8,-139.0333,26.33000000000004,71.0,84.0,5.39,PF,1619645177.0
883,ucluelet,48.9329,-125.5528,11.670000000000016,93.0,90.0,4.12,CA,1619645117.0
884,shelui,-4.3667,34.2,20.52000000000004,74.0,81.0,5.18,TZ,1619645270.0
885,porto novo,6.4965,2.6036,27.0,89.0,40.0,1.03,BJ,1619645271.0
886,talnakh,69.4865,88.3972,-0.339999999999975,93.0,100.0,3.3,RU,1619645271.0
887,sarai,53.7458,41.0213,5.6299999999999955,73.0,93.0,3.76,RU,1619645271.0
888,hoquiam,46.9809,-123.8893,17.220000000000027,63.0,1.0,3.24,US,1619645272.0
889,longyearbyen,78.2186,15.6401,-6.0,68.0,75.0,3.09,SJ,1619645272.0
890,komsomolskiy,40.4272,71.7189,20.0,67.0,0.0,1.03,UZ,1619645272.0
891,guarenas,10.4674,-66.6066,26.0,78.0,90.0,3.09,VE,1619645273.0
893,yellowknife,62.456,-114.3525,-4.439999999999998,58.0,75.0,7.2,CA,1619645070.0
894,basco,20.4487,121.9702,25.150000000000034,76.0,97.0,3.64,PH,1619645166.0
895,langnau,46.9394,7.7874,11.110000000000014,100.0,75.0,2.06,CH,1619645273.0
896,fare,-16.7,-151.0167,27.58000000000004,72.0,42.0,4.9,PF,1619645274.0
897,puerto escondido,15.85,-97.0667,30.0,70.0,1.0,2.57,MX,1619645274.0
898,nyimba,-14.5566,30.8149,24.120000000000005,62.0,91.0,1.99,ZM,1619645274.0
899,vaini,-21.2,-175.2,26.0,89.0,75.0,4.12,TO,1619645275.0
900,poum,-20.2333,164.0167,22.870000000000005,59.0,0.0,4.16,NC,1619645275.0
901,la ronge,55.1001,-105.2842,1.0,51.0,100.0,3.09,CA,1619645275.0
902,zunyi,27.6867,106.9072,12.610000000000014,94.0,100.0,1.04,CN,1619645276.0
903,shchigry,51.8755,36.9043,2.0,75.0,100.0,3.0,RU,1619645276.0
904,businga,3.3333,20.8833,21.210000000000036,96.0,95.0,0.61,CD,1619645277.0
905,wladyslawowo,54.7909,18.4009,6.110000000000014,81.0,0.0,1.54,PL,1619645277.0
906,carnarvon,-24.8667,113.6333,17.0,88.0,0.0,2.57,AU,1619645272.0
907,youhao,47.8667,128.8333,1.0400000000000205,44.0,5.0,1.23,CN,1619645277.0
908,plettenberg bay,-34.0527,23.3716,15.640000000000043,88.0,97.0,3.25,ZA,1619645278.0
909,tura,25.5198,90.2201,25.860000000000014,35.0,0.0,2.1,IN,1619645278.0
910,mao,39.8885,4.2658,16.0,94.0,20.0,2.57,ES,1619645279.0
911,doctor mora,21.1417,-100.3125,32.22000000000003,21.0,40.0,3.6,MX,1619645279.0
912,sibu,2.3,111.8167,24.0,100.0,40.0,0.61,MY,1619645279.0
913,dakar,14.6937,-17.4441,21.0,88.0,20.0,3.09,SN,1619645117.0
914,alyangula,-13.8483,136.4192,22.0,100.0,36.0,4.03,AU,1619645280.0
915,dembi dolo,8.5333,34.8,15.550000000000011,89.0,96.0,2.1,ET,1619645280.0
916,buchanan,5.8808,-10.0467,26.0,94.0,20.0,2.74,LR,1619645281.0
917,wanning,18.8003,110.3967,23.810000000000002,90.0,38.0,2.05,CN,1619645281.0
918,seryshevo,51.0933,128.3786,3.900000000000034,49.0,100.0,3.09,RU,1619645281.0
919,porto velho,-8.7619,-63.9039,30.0,74.0,40.0,3.6,BR,1619645282.0
920,catole do rocha,-6.3439,-37.7467,27.360000000000014,55.0,54.0,1.2,BR,1619645153.0
921,avarua,-21.2078,-159.775,29.0,79.0,20.0,3.09,CK,1619645282.0
922,guarapari,-20.6667,-40.4975,24.0,83.0,0.0,3.6,BR,1619645283.0
923,george,-33.963,22.4617,15.0,88.0,90.0,2.06,ZA,1619645283.0
926,kaohsiung,22.6163,120.3133,24.0,88.0,75.0,2.06,TW,1619645284.0
927,alice springs,-23.7,133.8833,6.0,70.0,0.0,2.57,AU,1619645211.0
928,suixi,33.8907,116.7747,13.520000000000039,55.0,1.0,5.5,CN,1619645284.0
929,itarema,-2.9248,-39.9167,26.370000000000005,82.0,83.0,5.49,BR,1619645284.0
930,sooke,48.3746,-123.7276,15.0,63.0,93.0,2.57,CA,1619645285.0
931,sobolevo,54.4299,31.8996,2.1200000000000045,90.0,43.0,2.56,RU,1619645285.0
932,bethel,41.3712,-73.414,26.0,36.0,1.0,3.6,US,1619645189.0
933,erenhot,43.6475,111.9767,2.910000000000025,47.0,64.0,7.23,CN,1619645286.0
934,belaya gora,68.5333,146.4167,-8.75,89.0,53.0,1.0,RU,1619645286.0
935,knyaze-volkonskoye,48.4642,135.4567,5.0,87.0,0.0,3.0,RU,1619645286.0
937,serebryanyy bor,56.8,124.8,-7.409999999999968,94.0,100.0,3.38,RU,1619645287.0
938,mirandela,41.4874,-7.187,7.78000000000003,77.0,79.0,1.79,PT,1619645287.0
939,santarem,-2.4431,-54.7083,29.0,74.0,20.0,2.06,BR,1619645287.0
940,port elizabeth,-33.918,25.5701,17.0,94.0,75.0,8.23,ZA,1619645001.0
941,ossipee,43.6854,-71.1167,15.560000000000002,88.0,100.0,0.45,US,1619645288.0
943,vila franca do campo,37.7167,-25.4333,14.0,72.0,40.0,2.57,PT,1619645170.0
944,nerchinskiy zavod,51.3088,119.61,-2.4699999999999704,96.0,100.0,2.61,RU,1619645289.0
945,long xuyen,10.3833,105.4167,25.0,100.0,40.0,0.51,VN,1619645289.0
946,yenagoa,4.9247,6.2642,24.57000000000005,84.0,97.0,1.17,NG,1619645289.0
947,karaman,37.0833,33.25,18.32000000000005,40.0,49.0,2.1,TR,1619645289.0
948,cruz alta,-28.6386,-53.6064,20.0,40.0,0.0,2.57,BR,1619645290.0
949,kemijarvi,66.7131,27.4306,-3.819999999999993,91.0,100.0,1.37,FI,1619645290.0
950,vidim,56.4088,103.1106,-4.579999999999984,77.0,68.0,2.61,RU,1619645282.0
951,yazman,29.1212,71.7446,32.23000000000002,16.0,70.0,4.55,PK,1619645291.0
952,chengam,12.3,78.8,26.49000000000001,79.0,0.0,1.66,IN,1619645291.0
953,hede,33.7681,120.2517,11.53000000000003,54.0,0.0,4.08,CN,1619645292.0
954,lavrentiya,65.5833,-171.0,-4.079999999999984,78.0,6.0,2.97,RU,1619645292.0
955,fortuna,40.5982,-124.1573,18.33000000000004,82.0,1.0,6.17,US,1619645292.0
956,hohhot,40.8106,111.6522,4.0,81.0,40.0,4.0,CN,1619645293.0
957,bluff,-46.6,168.3333,12.78000000000003,86.0,100.0,4.47,NZ,1619645025.0
958,cap malheureux,-19.9842,57.6142,24.439999999999998,92.0,100.0,1.34,MU,1619645079.0
960,tiksi,71.6872,128.8694,-6.439999999999998,92.0,60.0,3.62,RU,1619645293.0
961,tual,-5.6667,132.75,28.439999999999998,68.0,78.0,2.51,ID,1619645294.0
962,nagayo,32.8242,129.8861,17.0,94.0,75.0,2.06,JP,1619645294.0
963,adre,13.4667,22.2,28.49000000000001,10.0,49.0,5.64,TD,1619645295.0
965,arlit,18.7369,7.3853,34.700000000000045,8.0,94.0,4.55,NE,1619645295.0
966,severo-kurilsk,50.6789,156.125,1.6899999999999977,88.0,97.0,1.57,RU,1619645295.0
967,piacabucu,-10.4056,-36.4344,25.680000000000007,83.0,28.0,3.86,BR,1619645296.0
968,chkalovsk,56.7647,43.2433,5.0,65.0,0.0,3.0,RU,1619645296.0
969,nioaque,-21.1353,-55.83,23.83000000000004,33.0,55.0,1.97,BR,1619645296.0
970,wamba,8.9333,8.6,28.400000000000034,57.0,100.0,1.12,NG,1619645297.0
971,bongaigaon,26.4782,90.5568,24.57000000000005,43.0,5.0,2.02,IN,1619645297.0
972,beloha,-25.1667,45.05,21.680000000000007,90.0,0.0,2.12,MG,1619645298.0
974,ishigaki,24.3448,124.1572,23.0,83.0,75.0,2.57,JP,1619645298.0
975,corinto,37.9407,22.9573,17.0,72.0,20.0,0.99,GR,1619645298.0
976,butaritari,3.0707,172.7902,28.129999999999995,76.0,100.0,4.96,KI,1619645202.0
977,nome,64.5011,-165.4064,0.0,64.0,20.0,8.23,US,1619645299.0
980,horta,38.5333,-28.6333,16.0,67.0,75.0,6.69,PT,1619645299.0
981,dolgorukovo,52.3195,38.3453,2.9399999999999977,85.0,8.0,2.77,RU,1619645300.0
982,cordoba,-31.4135,-64.1811,23.890000000000043,49.0,0.0,5.66,AR,1619645301.0
983,xining,36.6167,101.7667,5.740000000000009,38.0,3.0,1.65,CN,1619645301.0
984,nepomuceno,-21.2358,-45.2358,19.200000000000045,65.0,2.0,2.3,BR,1619645301.0
985,ribeira grande,38.5167,-28.7,16.0,67.0,75.0,6.69,PT,1619645188.0
986,seymchan,62.8833,152.4333,-3.8700000000000045,90.0,100.0,0.61,RU,1619645302.0
988,kurilsk,45.2333,147.8833,4.2900000000000205,69.0,100.0,3.23,RU,1619645302.0
989,dom pedrito,-30.9828,-54.6731,15.460000000000036,63.0,0.0,2.52,BR,1619645302.0
990,manadhoo,5.7667,73.3833,28.850000000000023,74.0,9.0,3.91,MV,1619645303.0
991,sioux lookout,50.1001,-91.917,17.0,27.0,75.0,3.09,CA,1619645303.0
992,saskylakh,71.9167,114.0833,-8.620000000000005,95.0,83.0,3.43,RU,1619645303.0
994,cayenne,4.9333,-52.3333,26.670000000000016,89.0,75.0,3.09,GF,1619645304.0
995,asau,46.4333,26.4,5.560000000000002,65.0,100.0,0.76,RO,1619645216.0
996,poronaysk,49.2167,143.1167,1.0300000000000296,97.0,100.0,3.12,RU,1619645304.0
997,mar del plata,-38.0023,-57.5575,21.670000000000016,64.0,0.0,5.14,AR,1619645064.0
998,bonavista,48.6499,-53.1147,5.560000000000002,87.0,91.0,3.6,CA,1619645305.0
999,hofn,64.2539,-15.2082,4.0400000000000205,63.0,79.0,5.6,IS,1619645305.0
